95555
8256
34523
84497
64689
76196
75811
95268
81430
52383
2061
61489
64202
62748
72943
31568
77262
96235
97764
13487
94191
1313
12580
71573
29648
88728
97852
83797
17947
68575
65304
29853
93183
16178
14350
57871
92373
6512
69490
73802
58894
71550
51642
39447
50650
24584
71014
44263
20818
68777
74101
15008
86442
86680
2932
32441
91760
17136
16238
9706
85710
97893
39558
95244
14071
70259
53114
22795
76771
38956
12949
52016
10505
64590
7815
61154
89174
78828
21768
9991
63957
95868
41351
66750
82548
60634
99190
74307
77769
31779
364
79831
29672
56273
75074
60094
26532
44540
82888
19654
83495
12188
71669
10351
76778
79483
71505
82303
74663
9624
92293
54971
5492
49995
21720
88039
10629
37261
78697
4749
69040
95412
84579
15063
51684
59653
91508
94567
20544
90747
14220
4038
2935
2241
14388
96064
98075
2244
78366
72737
11868
70658
44059
17359
37005
65778
21749
47633
19391
16797
52381
4782
12208
53312
36196
63891
29316
27703
58458
49859
18449
89029
53896
37735
91269
84635
33798
89344
86879
12163
78432
98746
99173
22491
32456
52529
88268
70556
161
24010
87352
68893
28791
15911
38556
64986
79801
67871
9040
54610
17729
43841
43639
87976
81575
51259
72611
31725
40602
75841
60239
19034
74586
75763
57876
23393
28291
62495
93948
44803
86505
97651
30048
31647
13561
68603
12985
9713
52826
22024
64323
70554
65864
24313
74882
63791
91923
47492
11867
32525
23332
88457
67910
14269
64220
25785
54013
8862
88279
64312
53665
91135
61962
64
22782
91874
68666
35766
1586
21491
57789
82260
8397
40005
22924
83278
20147
14847
47121
48365
63723
86804
36821
31632
17424
17392
73768
71436
26254
78398
52099
96270
69533
14060
96333
92314
5933
64998
28079
23870
2841
2219
6130
27589
58575
45405
10866
78721
60251
74338
43437
23973
77493
80258
71956
94916
97649
45723
82703
23902
40473
34801
20171
10005
65212
32855
2318
87496
97853
46748
11365
17045
65318
33846
44633
23893
79251
71850
18965
55853
62539
62402
79826
40031
59011
51781
34946
73011
13856
34000
13265
54328
68800
49787
80684
50363
82642
99353
37858
80494
62452
65574
13890
27769
15772
58522
68013
95022
46723
3330
50874
9261
82083
47051
49291
41093
15184
588
30455
45391
34587
43719
16070
19738
93506
96753
86452
76147
96105
24309
72992
58556
6234
86881
2676
22005
61754
87041
33378
8476
90370
604
17736
72452
47654
67026
29896
79189
83965
60350
24579
34903
20421
57000
70992
13926
53752
57443
90072
66208
98103
63063
41115
4336
66295
43791
42693
28048
30831
76070
36523
37552
76673
54258
10003
40679
37635
56250
36219
21599
32951
77150
56501
53371
34149
27492
67296
87901
1286
73719
70460
99388
53133
11575
20075
19427
71717
62767
47474
2547
38837
83996
40098
31861
54605
66452
72539
92239
39053
25110
30189
72003
2259
3041
41726
36407
46884
25373
40659
48169
99092
11119
47556
52224
39045
67631
71651
10761
46749
19124
29659
85585
19472
86108
17446
74076
68911
6336
66315
7963
31445
96503
96317
50055
15896
38042
86462
62779
63415
43472
10948
78858
70942
74855
47433
9986
58837
19083
37098
5586
54559
66756
91170
74030
52863
24967
64457
21773
47655
47123
46087
95451
59978
42404
45506
75873
96797
48319
38651
76563
91790
49598
55420
62732
24453
2853
89069
99641
38287
26167
5226
92845
92922
96396
83226
62137
37714
64035
261
85368
11157
62700
80819
71134
5103
42676
47006
18251
90994
85657
94814
82783
35254
50233
61866
76058
69437
50935
75699
7724
77101
97276
16920
86374
10023
16498
64862
47737
80532
81475
49456
91688
44174
46626
62822
65628
89301
9827
83878
80294
95483
78691
79429
47089
45276
41294
39498
14712
92228
31548
38787
69328
28824
55707
72054
38846
88556
36915
2934
69087
18389
52390
77126
78914
99015
39947
44541
88316
66126
28419
84961
77960
7109
64389
41400
52384
5683
80898
67096
97910
28797
22234
83590
57620
77940
55643
12818
82847
8909
15751
68285
43650
68140
45411
22563
83507
1709
67104
71822
84186
95522
73134
62146
2630
37523
19897
71366
59557
17146
54813
57466
45943
77046
57407
19914
71338
29401
32731
54184
38310
64834
22469
98311
32973
84231
20873
16479
85939
87976
4652
86477
99849
77786
48622
18831
31660
84870
90196
91216
2016
45008
65033
47958
22053
22440
67871
93390
68192
16954
63926
22853
81787
86394
21163
31111
86976
42036
47590
89266
46363
68593
75742
62564
62730
40715
81394
94389
25585
87941
85604
27600
32948
66989
75557
71352
5780
59779
81094
73971
76732
45019
96824
74870
47764
17986
5981
51091
76373
69922
40356
39088
38514
16098
1651
1244
56812
99396
95632
82396
87336
97588
9995
36635
64576
1903
7986
70355
78034
5431
44325
54765
66801
57500
45987
30916
91838
51967
82006
84562
21888
22362
23649
76753
38459
41651
77996
95270
41046
89980
94018
44733
87567
20364
81367
68494
22267
5705
38848
300
11135
99524
71416
94288
73376
17402
25203
65213
85720
7209
66126
7607
45922
6127
84360
732
47777
78707
12353
5175
68686
6370
49907
72604
26734
31274
41097
65352
36978
96296
82003
64464
95820
53418
58751
85547
87172
306
50759
72891
23866
33236
96850
69787
39362
97561
70518
87139
92619
82870
8665
61305
5592
58571
33908
32325
6196
75005
14028
59525
71300
96030
23989
83471
49447
99091
69017
52970
99396
36127
42213
23261
69363
39062
9399
8724
52974
79916
12214
45592
79138
37230
6896
84729
95801
57156
33405
18348
48512
63784
77873
36163
59813
1861
19634
25611
951
5002
78581
16699
57481
20793
56311
26843
76206
65710
51918
29179
61977
80484
91122
41114
17713
14370
42194
29865
71525
91950
48213
36388
55733
26085
72550
31897
44297
8535
57508
61599
13537
52440
78297
71017
73232
34608
14211
65789
16669
82480
11319
78645
62963
2440
36111
97028
16809
94656
26892
4685
86606
75104
57424
58690
1188
29974
90587
61836
54860
64446
23435
68396
16885
18083
55764
6468
69042
86326
72256
85710
68806
99926
64355
48120
2365
465
45147
35526
95120
72039
56562
98077
63494
13986
73119
81034
60311
63705
42869
15170
44502
82655
99918
61386
738
72033
84205
69779
58359
56460
71841
43516
72737
36195
7987
75101
53011
69486
26978
64482
41524
99892
62559
21369
13877
35677
2402
90539
15733
45271
5708
60234
27925
5625
37971
45014
77658
22175
31145
52368
94986
2985
12235
67722
55531
20221
59174
8541
89706
86152
73022
47581
2395
35580
68950
16271
87608
71351
6809
3340
32973
28868
79925
77250
50845
17895
22263
28502
40069
69759
97221
35054
72743
9455
2775
28273
46027
78301
36813
52085
80804
26187
16017
83198
78118
84966
99468
65726
72669
22628
85417
21993
67847
65342
99242
18691
99588
37857
63544
39657
7615
60764
91062
96710
86570
10189
24982
32597
88489
78147
1033
69292
20685
17049
52489
98802
18367
68308
80879
7387
7287
82648
29379
75133
47989
28621
10176
63928
82829
73719
19936
90443
34483
10998
3504
37404
37538
28486
86352
26026
22984
87384
11669
43668
4433
80509
58821
39151
65168
39700
46537
72454
22347
75915
63938
86687
20887
74113
50614
3715
47832
70550
10510
98666
97899
14013
36069
35436
58850
22421
77813
98185
9804
5833
41852
30588
86341
17025
86090
51508
56724
32626
40313
95422
24893
4250
82108
45779
78363
49073
65846
42546
35974
92707
41211
50224
23071
93631
85659
98273
16051
79823
96457
42207
85655
54661
89146
88347
71685
75236
56206
44760
24213
96518
40181
49105
17120
38640
11236
95482
87712
77081
54379
40038
86139
11941
90261
9209
5571
75920
7481
21622
72094
3938
80180
74101
74950
85677
62447
46634
60912
35005
91393
1477
31522
31573
50581
48641
70212
61816
60474
74275
55248
14852
14312
41386
26792
4573
66947
48715
96844
74427
86688
85289
94716
66867
59389
69665
68895
38188
32650
46159
73192
24042
47635
21065
71966
14567
86058
42177
76383
46531
32804
47982
77735
47115
5720
20878
51687
72666
69592
64882
63444
72631
50171
74512
39497
9559
44176
24744
64098
76826
70902
37289
17219
18536
74706
89185
33102
60763
47713
25836
7293
80516
90170
1379
27631
95889
22257
95669
84906
8200
76903
48349
80831
27073
39212
36679
52983
99740
61422
17081
76565
48675
70721
10135
67210
45426
99319
16664
6188
47032
58851
29833
43899
49020
47563
87881
61260
86171
99902
46165
94371
76804
10866
91553
20228
50077
44583
73210
49816
22357
6642
42732
71031
77363
52867
54593
39140
68537
71256
61680
31920
30106
7864
75819
95478
55426
63699
56737
41597
79952
2902
52319
56755
13767
60223
76982
80195
4805
66544
46363
43513
73185
89094
14544
66899
58312
69136
22391
26849
56743
422
58768
86848
8285
50938
82325
80062
30989
55414
21658
10940
58315
90328
67695
88433
50550
61028
84979
71707
27571
31341
15219
17108
20435
46114
358
95098
15249
22748
21946
71991
23169
97066
75191
47805
48003
73867
27867
95343
29280
65876
6283
3946
72556
90329
8730
39457
67708
93709
11163
95279
25049
42734
28738
61835
88847
29095
56933
20448
68195
78878
8790
7715
92295
332
55520
40298
90551
99738
51992
36182
81965
58274
40128
54520
48602
48857
93977
32662
42565
21491
44292
83966
80576
73029
45800
85775
18475
19084
22574
3021
14314
31363
10736
6608
48047
82607
63257
38597
98696
15249
74778
80660
73522
14905
35180
38476
80114
45508
87489
39030
66998
31780
22995
47574
4808
85147
33348
39634
4230
55921
42655
18543
3635
69742
41503
68033
68700
4759
6629
67395
20007
81407
48054
9881
12663
99585
64708
9128
45092
52196
48158
12090
83975
87504
76015
5134
72650
25714
61119
93232
97986
3773
11774
17972
89866
53276
86005
58565
74387
92633
25959
94393
90391
74013
20625
19406
73597
1684
28533
35041
70231
93042
47130
70557
80546
39496
75690
69547
65209
53161
62778
79546
56933
90904
97517
63151
60531
83521
21715
34917
92506
47674
45662
82896
38038
66286
18653
27986
84322
63538
63026
54552
72931
26507
25109
53476
66002
17150
39375
47562
70310
18504
27107
43595
9407
24624
6745
69938
24496
44811
4854
17001
92484
66867
16249
46873
33153
34901
91211
33826
14790
54236
88377
87721
97095
29837
41196
79448
63339
96922
27010
50000
15426
54116
93594
41184
95091
16690
27473
35939
61501
32327
52939
70336
99193
69187
33561
48697
20440
24771
98874
35229
95358
87251
22949
8804
33439
80497
88252
13129
93770
15261
63129
9195
85728
73074
66731
97171
6116
94203
33109
83968
42881
2399
54303
58426
87938
4215
7122
8377
45337
22348
59957
57047
9598
99258
65850
59388
79754
54101
72517
73523
85713
51997
99070
87793
25070
65800
84963
31185
76354
34423
15152
19235
36821
85807
77660
41110
90021
1133
65838
51710
23480
25795
8756
49429
25052
74605
25169
21157
45058
97685
11031
30770
66033
26452
18562
91102
8603
19876
38639
84957
54298
53790
20543
7471
55948
98202
48580
62321
15686
30770
14030
39166
56564
22785
4946
97967
13741
30114
35475
58798
44150
62857
5920
10182
89309
40833
17636
97911
60709
56274
99219
31358
10063
19761
55180
66011
34314
20112
28331
50000
50881
58712
5517
23796
81496
10462
38114
11588
56928
73588
86738
1077
36444
92657
27611
42104
49841
45246
40015
26901
1519
55585
58259
27933
75346
29790
10295
9659
49901
38625
59658
17133
13688
65174
40928
95183
91988
79041
23123
48915
68980
9860
66343
5424
18868
93953
47527
68708
55550
3893
11961
73420
59478
86571
1353
51175
16360
11647
77185
82613
66624
53195
99745
80311
18368
40673
91846
26707
36065
14968
75621
5045
41179
58316
26820
60046
68620
90698
45105
24170
10943
57065
97589
86772
43635
15293
37946
59995
26940
15130
42607
9915
68324
58703
6577
3044
15727
98422
46102
51792
29741
38075
73188
70919
96390
7
47316
65009
7056
92421
89178
17998
65837
3119
4769
9472
18411
59066
85818
61702
90548
44776
87968
58871
3478
94545
78266
19205
9318
24368
87348
55411
78794
60535
42681
75183
76893
89997
40191
83948
98769
45721
18298
64605
65191
23066
90428
99953
82132
76245
61655
72679
37372
49622
47901
40850
60518
42519
76406
86188
83238
80105
41598
62031
40639
84278
53565
33883
90626
10107
34182
5746
55827
52479
86703
37369
75545
77130
37322
74028
69727
15328
63058
23450
81301
10958
80651
41819
69828
57056
28006
53065
53512
85955
31447
10502
86584
85011
44384
77210
95118
78566
99307
67296
31044
86009
4665
22940
79491
41986
96967
65569
73665
76376
89018
54965
87334
86021
96783
73513
59428
41140
26578
12940
27094
74376
23441
13678
59387
67825
7239
54504
62742
22897
21799
93785
8906
42815
33077
4748
1152
46395
70316
74816
22771
75685
29781
26456
61705
42915
99968
21133
84055
42897
34072
27500
17273
73864
57529
76659
41688
81119
31162
20781
4016
69312
30918
29273
12127
63994
34020
13278
10388
20687
4446
33158
96371
34226
75965
74428
77140
75933
11912
77546
18829
45983
5046
36101
36198
78926
29111
77886
60045
76624
98666
64060
45936
29583
93332
74414
9928
43703
4043
20316
64389
8488
69825
77111
42713
45790
51538
36205
38074
63449
13750
56902
25783
35147
9355
78333
14073
54817
56218
90469
31441
71235
70880
93728
17170
64211
84493
43449
24265
88535
80116
88653
13375
49941
82115
72439
12082
33653
8643
50155
13453
38745
23408
55588
90243
49114
33920
4315
3931
6489
11135
51723
94075
82014
45450
27596
62576
29942
71045
86840
34828
51160
91844
48202
17452
73959
36993
29533
23963
45635
96039
37415
731
35799
9354
90974
84912
59625
11640
88842
82465
22775
40564
76540
21140
2365
20487
83716
48658
91531
86907
83486
59043
78751
48039
76494
52709
85031
22379
76671
47018
18417
30437
47748
54215
56143
55073
55479
15767
83065
60672
98232
5839
17588
91123
43330
19952
11609
27045
68610
19492
13952
68447
78534
92702
32837
55027
61762
17868
77405
54784
81237
12174
1572
45336
82740
57714
409
54570
89833
83473
15242
4416
5663
32829
95538
48992
69132
23498
92389
54093
42989
6340
22539
21522
15393
71728
92901
93506
89595
86657
48289
87183
15182
49860
32518
14274
23926
49278
68843
13758
32750
84084
18173
54764
16912
30062
3756
2396
53559
12496
56488
12900
18835
95379
50773
50579
67106
60025
44084
73052
46682
8724
60234
61863
74935
92751
76136
98860
42029
61331
12617
91130
45414
47141
62246
78678
93554
82353
81073
63465
94848
37560
76364
13682
49290
43488
80612
16395
3513
24695
89446
50194
49770
49679
28408
24704
58782
20896
23564
17162
82226
52532
24643
43991
16025
86888
22668
9578
69240
20092
73042
64087
74004
65757
94120
23293
9245
91083
39688
29109
15777
45485
95654
81898
11516
40413
6602
70297
61308
46517
3810
59885
99048
44804
3876
15072
48044
42895
41002
33635
79339
30395
14074
53342
96152
8193
92986
21748
99276
32673
50856
31404
94510
46509
13302
6025
86921
36255
92673
64581
82771
96482
40817
81818
57637
61044
13242
5680
3939
70595
39315
99629
989
53388
52970
97140
77932
45955
35239
93559
94980
86094
41315
89489
48954
70968
95513
35875
7222
4537
16807
89992
17370
57623
88161
75006
18667
17754
97038
38957
88348
36352
38585
89337
6091
7906
2828
84022
70212
38067
93933
81543
40512
35247
87383
89466
6214
99247
41692
13435
3783
58498
19778
21152
32472
7938
96158
51138
42044
93195
6446
30391
45898
61382
19727
68340
69287
38907
52361
55851
76973
62645
37393
17484
97891
24776
23301
20456
24022
64992
33890
44157
39841
70019
65308
72313
94309
77817
39802
36352
87363
46248
66742
33260
7629
2821
1599
93268
41727
70312
49118
35051
32956
2862
68886
47199
43989
92187
67654
84363
73530
17896
28519
13371
87914
93826
85683
82222
71643
25484
18573
59005
71731
1667
8617
95712
4487
26567
5331
62565
96878
70800
97615
46186
73661
66500
9736
17650
75038
77389
2012
48568
95284
30530
61938
99550
40707
47620
81771
12349
89455
16696
87706
77538
34714
96322
73249
39200
22888
94931
1764
36118
65730
15730
82303
39390
98581
92038
73391
89971
85778
91754
38538
97414
38635
16827
96963
79342
64446
95085
91690
70252
28132
79395
47789
62845
92068
37389
18396
14956
32319
36511
67425
98048
52240
49727
53790
67173
58116
43532
57143
60245
35286
95680
57658
73920
12506
70972
53261
93303
66057
61303
63554
10540
57049
27695
73385
49117
81435
91780
80424
13754
28291
47848
28153
96882
13926
98294
64054
88393
41826
21196
48637
77111
33227
22647
51030
45732
93618
20643
55386
76026
81945
35292
86566
55345
79338
76302
4461
60772
84433
1236
90877
12723
49083
19030
9605
79360
17323
90010
67752
59148
11206
32741
52610
60784
55387
19992
22868
65356
40634
78253
57734
38930
29896
60651
10626
9233
36952
31439
70005
21384
32674
60881
50459
98109
96262
76415
77468
29937
66424
61572
5436
93981
94312
58046
54765
66050
78037
77632
47757
35022
72236
21842
90303
18484
82492
17280
27716
19443
48718
14072
57179
81392
91305
23989
95852
3918
403
89671
33854
66826
51242
39290
77159
61905
97335
48275
44306
91723
42258
92063
43096
30845
13904
49750
49328
12748
67029
93396
48542
32099
23819
5720
29842
15123
29708
25693
19041
46462
15363
69246
29640
82957
8535
6798
44861
22221
71424
89167
30295
13681
97581
89742
44525
27836
55843
10205
56935
39224
3600
5477
71322
27418
27548
1163
58893
73608
43207
94285
20069
58569
63530
49708
41525
72065
72857
2738
10637
44280
8256
57284
74312
22188
47025
35189
66375
19220
45393
23310
58443
48992
28786
29764
92761
72685
47278
51653
46292
90484
45937
66361
49052
9467
32420
6929
97883
5277
26018
24871
65908
50625
82154
40220
72812
45531
75408
39186
64750
37152
78847
23192
86143
23984
52955
78903
96669
16584
30556
42960
7067
92844
25672
72470
2310
58092
95750
16544
79720
21767
41415
45627
72391
23568
2198
61554
69098
93957
17092
33847
31108
95938
57038
17250
36274
26344
12505
32942
42927
59412
92253
66345
52255
34277
38815
70917
92368
34564
87460
88439
72683
28874
34065
61425
68794
52615
22979
37891
46571
40070
88090
77679
52359
61479
11280
88632
87823
40136
37925
47101
15899
46530
13446
84506
80806
68612
55422
89525
19527
59233
77963
92209
4459
28379
69986
73252
80993
92964
27494
27564
49385
15583
21594
1743
77062
49225
6727
81236
89361
61003
28336
5259
7532
58133
89764
4689
26744
61537
94213
62623
20770
72175
71183
25228
554
41168
14831
97898
34131
42324
25461
99867
57907
63406
1610
34968
12631
24688
16203
1991
85690
60890
23601
9574
19023
13365
14262
62118
74901
24827
24740
12022
13353
95923
37249
30258
53442
68431
28156
87573
10755
53616
87439
68661
17022
5400
19980
29652
46439
36182
47994
48481
13423
71594
58054
32445
84958
88667
10915
76211
29845
52006
88232
43198
64280
41833
73455
17722
10263
1610
21646
37369
71578
25436
6029
4951
47188
42360
34602
93626
78541
98947
58458
8316
70540
32863
57112
71850
21530
68026
64412
67726
36384
68995
10923
663
27179
84378
18384
53794
2339
56381
91162
73916
81817
13543
78866
29004
55902
29819
38981
50795
28765
97439
59110
15657
30301
16221
3858
68182
599
68269
35908
36982
53615
46830
37644
80794
47559
72380
50939
49898
28760
42100
23813
10576
71994
2679
55931
27896
32497
94912
78690
77614
92350
54151
93270
22650
70371
13479
7184
70969
81747
43091
24302
51713
89920
61946
48858
37479
34325
99796
3728
79436
41896
27540
6364
30241
30218
62294
58136
79067
57205
53177
56680
65906
7327
66301
4908
94050
79779
12091
81370
77877
55181
5672
29589
61452
83969
78447
15282
34645
78242
19009
14080
36489
46549
20443
66730
93118
99089
41217
72184
56293
94394
45215
38551
18072
27867
43458
28473
7645
55548
26195
1873
27080
31866
47814
88531
15834
26260
3813
66830
20853
22821
80909
73694
85721
17704
56775
78839
16792
14343
67374
89436
25088
28941
27986
43160
56807
87795
87984
80804
43342
14178
82676
70421
62395
46841
75304
94580
73100
79116
61409
10305
18288
58670
350
4009
76373
73476
82847
9516
87818
66572
15303
12906
95512
59641
72417
52319
47435
60400
49474
7129
90930
48501
93901
53324
95342
69204
47904
84793
64671
25664
11449
82959
84333
11798
86967
77057
85273
86165
86572
89443
52736
18227
2348
48248
77867
74764
16918
41653
51515
66391
48781
42444
31243
59034
12120
26584
28237
76375
11377
9260
2038
22825
8570
2723
50975
95536
79779
52599
98052
82703
42041
50787
929
44388
15386
95147
35503
32303
36799
3370
15045
1932
45813
46288
60965
74284
72871
5553
50658
599
31164
69048
23424
39733
71770
74398
51620
67900
43348
49671
50602
85389
458
67882
46128
32195
79380
81631
64498
16179
1352
95894
34462
63516
42181
11778
37800
31404
17330
88457
32002
64846
57504
71777
4578
45625
62526
56198
13525
5874
5868
80478
91262
22677
48360
53741
54872
44091
51723
35721
76621
53074
31614
11082
16590
90147
22859
54389
37902
56541
59197
86255
21386
33053
74384
42315
78677
36909
98512
8553
59134
4380
89031
66747
43408
53742
20488
98279
97832
72210
50351
74453
41636
81965
1886
58225
88463
24745
28965
26364
97637
88161
28970
35374
37565
3353
77688
32594
56614
76200
41146
15747
96931
46528
98846
56690
269
19333
54969
14453
7894
5319
88905
49529
3635
90790
7753
8449
31886
53069
51164
45874
41230
80134
81247
95146
99838
75287
27739
56451
51486
85237
88550
64768
31764
87395
21457
48385
6727
92777
62837
30972
14448
68093
80501
34434
75234
4605
42883
7120
57674
10398
52993
15255
6883
50592
26752
6721
25878
54491
63171
93715
39727
68072
74834
87842
55466
96290
36226
78544
5419
99062
9516
19866
67154
90016
70651
42388
10972
29885
65859
84997
40283
35203
251
47165
85794
27003
53885
28023
97845
33408
21737
53923
1479
96570
41764
56945
9212
77990
35488
14630
77051
61355
50847
60557
51370
21497
19296
78694
51382
85154
63690
8016
20356
80293
55180
22502
23647
25417
50524
21491
75176
88613
75413
76654
1534
17176
49950
10745
95165
1790
41726
88568
63144
92572
49124
30866
30421
84771
9559
98154
69924
89600
22521
6631
69892
77700
45484
93538
19468
12360
15028
94643
972
6792
87649
18857
23968
53950
29602
35484
72091
87679
24051
51587
80251
89526
98804
27023
74296
24714
41528
60571
14313
64048
83554
557
58099
29037
94094
77567
41396
25474
88561
58719
32265
92561
93928
72584
62863
23529
8068
34953
27559
48470
2891
24161
54348
1694
51183
44995
42759
92710
5566
57072
73109
89119
57628
31208
34507
68073
25126
92255
93546
30038
67325
42163
22599
61252
14746
85461
1132
39165
36765
28691
87635
39656
52851
58334
57701
20386
3328
460
29447
8893
73883
2556
14363
47862
50115
65222
15934
75240
57476
25832
5277
41152
84346
44227
2404
99091
29687
19887
54608
82804
48577
58594
38811
17780
16927
96511
38165
20254
13322
67611
45499
3556
86518
76213
51417
36632
41434
83703
28223
15261
25886
49852
56413
10231
94078
58816
25673
40117
78702
80280
22920
43631
38873
61730
61410
55799
74592
15926
92405
4266
99888
37903
7821
86406
30467
75590
39389
71901
75644
83964
87161
17881
33815
43573
44463
27892
18740
70135
68008
13794
66767
7279
57424
5639
69008
35185
77790
59952
51110
86546
80569
67349
40800
4741
70106
71266
80330
9495
43166
72325
93458
46679
6557
43624
6603
51019
71515
41695
37506
55875
55488
4272
63153
29263
26262
48513
80799
4051
24816
48260
6948
5384
15608
47747
10124
85714
19013
6806
11560
78530
79130
21369
41560
2039
64992
48163
53057
36506
6209
90562
8732
78048
94833
71885
23662
37447
36749
4460
57849
61564
69071
64797
66947
84678
12543
77070
86743
47907
83875
98302
26437
79357
19670
67996
97747
1013
32510
50803
37519
38718
57717
62602
33117
68901
34486
56778
6347
87586
61237
64196
49149
30307
45344
16095
31337
57886
9517
18079
5793
9743
32733
48581
5451
52402
32928
3197
53415
81790
70352
7285
20507
44420
86238
53624
13320
37076
26753
36019
24661
87990
16566
73810
34648
61909
6256
65984
36146
32124
415
58290
41867
33147
6870
63669
1900
56150
83218
71666
37939
69921
78950
74797
14340
65188
44772
44011
2263
71525
96381
43275
59514
12946
17084
10513
91206
39692
76497
27352
71815
93263
85641
30033
26409
8863
93702
28308
65012
93271
99974
2950
63191
95275
77746
77530
76814
22518
21540
95428
94042
17921
38703
69907
47218
72138
80419
38424
11829
73267
65775
99996
66529
67767
30028
9289
76629
40081
53949
41640
33351
53922
44589
12893
65548
38687
90422
42362
61204
28314
54141
71597
62586
92843
57855
9803
81333
38273
64578
9513
27892
46704
9508
10772
14471
55888
36413
91099
12320
90361
49091
62023
44282
10031
74915
26181
48717
81689
68542
26272
10002
39035
97868
88939
48229
55722
15093
29561
10347
79671
39074
54590
42726
64933
65361
57196
20820
18125
64647
33140
8485
13737
95162
69118
40119
70076
95299
88836
68116
80192
15107
78117
19226
12975
83407
67455
85048
98500
13367
95394
94522
68792
66335
37247
33725
48048
10795
54544
66172
75441
4035
74657
5529
15548
60126
45647
1976
55424
34482
70091
51968
65941
48208
87545
95267
47966
71351
80314
46465
84718
92060
40986
53509
58394
94585
3585
6441
5379
58129
88965
80819
78515
63621
2699
94063
40098
48345
96038
95522
99179
66128
63841
65119
30687
51385
76737
78653
22736
57050
41469
23805
65461
98807
93665
23855
93391
97250
46647
98769
71730
35611
95939
50244
15583
98637
60658
55681
63333
56695
67554
62511
39175
47746
43981
86213
15482
20717
81217
54569
94119
22686
78373
59579
21492
88390
99785
14882
85639
62784
30002
73720
14746
25940
23963
46681
24576
973
18713
4260
74019
2618
83123
13193
50363
43455
15758
65844
80524
96974
20413
74642
19659
15137
50572
57502
3526
50357
88735
5516
29492
18736
79235
44237
61027
19550
90917
1954
20522
9629
6214
94540
12246
89336
24085
62608
32790
39842
44804
13313
53167
81568
4306
89178
96704
54878
46679
16582
21586
51766
22097
51077
70501
17684
95313
47880
37233
2582
49833
74106
12210
56046
84997
40808
45381
9081
19767
94523
65274
80922
7835
18441
62489
12141
23970
59193
83370
70648
75774
4955
38765
97870
72383
25618
15553
84047
73497
69137
86628
23329
59594
15190
79375
44591
55997
41107
70023
92115
35629
35297
73037
59816
70089
35525
88308
94058
11069
71677
81057
86842
92983
19822
1064
65365
45439
32968
49411
35287
18457
52391
58615
78050
67580
37989
22640
39928
95448
92663
48394
31076
44311
21430
90891
30751
73307
95550
41160
84375
83578
38568
87569
76560
74741
88632
58276
36531
37951
24039
71817
56407
76429
30432
34457
60360
84772
73448
287
80219
66110
65032
27647
26772
86462
34889
73874
76120
30439
15033
60494
14016
53601
64414
90576
28341
53045
48851
64872
7348
72889
53040
63754
65669
83471
14562
26028
84595
88010
42666
64813
70471
7698
92459
97243
10511
27348
71116
86630
57786
2501
63475
88153
72453
27889
78728
17145
97285
43931
98368
4632
33171
51408
84738
15192
51230
99299
41219
35824
87308
237
637
74131
7934
9447
71373
34796
36794
58840
37777
10931
77692
1251
99084
50144
45491
94163
67289
59128
54445
82008
80111
3968
33415
81200
35511
84645
80499
76729
20468
84158
76965
37456
58288
1250
46903
46012
36045
48
4852
73821
27331
98895
91424
42766
49039
53266
53280
32679
28745
7725
14686
8856
28044
48101
90055
63554
49097
86905
56634
85916
87415
49951
23372
45702
51200
70274
8066
3597
86673
12917
93769
14003
28163
1544
56768
77201
54810
10048
26231
99906
34124
40917
25113
78519
5369
31520
42072
54465
18424
15057
56732
5838
65007
80103
67892
32559
66728
75957
52507
53401
5225
46275
67403
33387
47819
40523
26940
18980
66922
53170
18885
1045
10438
43998
79563
15806
75517
37986
86622
10292
53042
43354
32482
34401
39808
373
83311
6536
92681
35817
59936
97905
82091
43690
47643
46261
564
74582
81592
67485
27752
477
68529
54541
60826
64443
70347
52694
18780
73320
62985
71822
33025
95466
22574
72833
12190
5884
79368
4870
41700
55655
19126
40142
15696
66769
2755
32612
41350
84346
96
85453
1174
84977
39994
78351
65771
26692
31044
84551
16363
10381
72724
49388
22198
95297
22220
34388
1180
17939
55609
59231
89945
74735
15724
5640
41503
34830
38251
99204
35528
54699
1009
53053
56027
41002
31404
21797
84045
78799
6347
407
5531
79070
66146
27729
74366
88365
78468
91897
22655
34076
67479
12599
8810
99555
34591
66664
34384
89193
65868
69911
43891
66876
39316
99917
24229
70719
38066
8273
65869
44412
25031
71400
23482
91177
15480
14199
95893
93947
22448
34900
28022
6278
47498
36832
5832
82088
19847
56568
87633
85714
26478
47875
52589
82145
64144
93169
69215
2209
17793
35084
46620
42824
22835
86453
50352
38314
17004
62596
32260
39451
97495
60281
45728
44993
13464
67912
43432
33311
24479
47416
35376
67308
95291
87965
49453
59434
97485
18667
61642
15278
53750
24613
74453
92936
27418
24804
31249
44421
87399
63508
223
1246
40141
62302
46238
53604
30213
6021
3266
54691
53437
38642
21999
48727
42958
87803
24512
40442
6469
86153
55719
76571
27117
30171
69506
54534
71326
17107
98954
58725
80614
99176
76322
20754
77830
38911
90710
8042
44931
93975
79085
14719
32616
17435
79797
75573
5237
4308
16015
28057
6812
88085
20979
33929
18256
90485
4814
89581
7591
3768
64657
4556
19295
57330
25310
97124
96240
32371
21518
41171
26345
602
72241
58961
18036
52038
50885
39624
72697
83251
67680
79509
71336
88659
29789
5943
95495
34602
11875
19437
54721
92884
23992
90368
50213
65653
3843
46453
98023
41712
87623
24368
42313
76215
99680
76700
44604
50564
16323
17301
33815
355
13161
21502
89013
59301
27444
859
93902
39318
20295
64975
32201
60638
71694
82414
26291
75536
28866
40665
17248
32840
65032
75912
25406
81063
68964
70010
47979
85286
87310
98145
1992
470
19646
7356
76122
47089
8214
70023
2758
28508
51349
51311
89146
23042
33724
31788
14930
78941
72452
48529
28132
53836
40792
53537
34898
9755
23546
82876
11393
27207
97372
13384
44028
17017
20740
20149
80457
28953
6524
83215
73813
74224
34525
79310
97266
84600
27449
28547
79892
99900
93427
8023
70087
34218
77911
4985
43973
17809
4212
71717
45015
1584
85100
5395
34952
22191
25543
15409
67496
48418
98623
41308
22642
49499
36969
36259
50450
80769
64805
30341
80668
74583
38363
50755
8800
16273
72091
69124
50433
92654
57192
95448
10589
42292
17194
45541
64482
42736
60949
31977
7506
75923
89636
30147
41773
42956
66405
92222
23724
47561
22562
20744
22143
77276
87850
47294
9900
59940
32770
60333
68945
89961
72132
79534
48604
89325
25074
13086
32060
2374
61414
39565
78296
67402
86063
20068
26709
52467
12289
50433
16379
51202
71176
54873
28477
75377
2167
38376
35316
51288
98708
20612
57600
70839
145
6204
60163
41570
35641
8575
43943
13406
64491
22238
80807
50554
58657
7516
19372
87297
74300
35751
38498
61827
90623
66974
37203
9141
21702
88870
76780
20409
9481
34380
7600
25978
40583
67762
67547
76223
92688
11490
89628
57179
50079
86787
24084
25088
10654
43455
12384
84953
79205
67234
46779
86180
50559
83981
11672
72260
89202
88452
9021
98682
39183
16620
24659
79765
733
8558
72339
93421
20047
78318
66951
86477
81456
91034
11564
92109
34488
23948
93413
30045
7533
40191
32576
58091
40523
60599
46703
46076
65402
55723
44758
4584
88694
85768
700
5778
94325
73038
99198
30723
67708
82500
17200
49163
73533
28763
57624
24373
69062
51036
70769
92946
7579
19696
51037
64453
80294
97739
