49702
43796
56946
12743
56098
52907
45676
89370
65270
5457
42605
1734
33053
18165
96188
25905
87072
64838
53565
1316
89453
82231
54137
56133
92239
38070
39196
3663
27138
15669
18650
76840
75817
75596
5934
48266
44854
51609
37636
10123
57065
96592
11856
90118
31108
8044
16022
18180
89233
85938
35847
78685
68168
89984
34818
76759
44405
90365
80421
87894
22386
15422
64733
98202
91017
70667
46467
52222
38627
454
62345
95692
97045
90552
85809
28153
98595
18182
62684
4179
4120
14882
99216
88639
21217
50385
65397
65621
40749
62169
69867
79486
77591
34599
77687
84959
21617
40506
37181
60244
40959
15877
72287
54356
6428
58095
98860
21375
92628
77895
41905
13099
92776
41120
1738
13993
7856
83486
95965
48605
62007
65831
44442
39597
16782
22129
40907
38398
78986
94439
14993
19944
10315
87279
90651
16743
61725
89510
54469
54353
67404
96373
67451
60180
53845
85540
74172
61700
69026
86488
10304
47384
52319
71098
86980
69100
93226
44238
23849
72211
38677
38842
8506
48991
42472
99157
82085
4197
5018
36553
58549
88774
49278
42351
48953
3122
27891
39476
64821
13268
25963
91477
60651
94633
62574
63982
63732
55799
8219
87581
44361
46895
42774
69218
12238
1597
84726
94322
5793
89744
47227
80693
94869
96504
23044
60173
99625
67286
16000
64445
80553
41962
55921
41203
52947
18494
5184
33030
90644
13402
20610
51356
76649
79735
36926
88886
97684
21651
99559
3476
27746
63137
521
22614
59640
39916
82786
75616
23553
98785
40061
4105
57099
12333
45307
26397
30827
66842
59426
37822
96595
96388
89178
73243
76122
26103
78480
73805
64105
94391
93633
91851
57527
10505
30816
33519
66772
29954
9134
90324
28738
49194
94428
2188
61527
56086
28584
8705
39279
88010
62878
35873
84397
52055
9116
76870
94509
3947
67027
58614
98337
77011
66816
72216
3867
13983
5734
70638
43936
14867
77313
89026
64061
88092
7565
41939
60529
36149
66995
99807
40510
29872
35679
41258
98279
61146
34479
92787
65093
17857
67752
79781
94867
50919
51996
98733
64902
57729
85722
8837
72596
63034
14214
53008
67477
21779
11298
28005
74279
78292
27811
14788
24515
79842
72397
22793
40987
6875
31932
6079
24732
16035
2212
35950
66954
54207
51035
48207
11936
36756
73395
883
16142
87609
53890
83618
25739
65187
27975
17
59830
55785
31156
84344
35626
3552
23489
76613
26778
55420
99043
67861
87806
17606
3811
71111
71813
71197
19317
100
7952
9064
982
40445
96672
71223
40415
22410
52761
68389
38778
12590
24173
69933
13285
76151
89836
53125
69115
16613
24896
84509
826
12702
2115
20988
83812
90279
92184
19481
90378
135
28544
7711
56932
25215
78933
97346
63976
48045
65734
2753
76986
6258
89037
90270
82408
78872
59747
51522
95484
84642
52383
96309
97343
54497
33648
97507
44775
25831
16987
35152
42318
45530
59214
99249
87096
38146
96594
67423
2542
62327
70175
79527
68584
75563
86148
67344
54434
45894
35217
66269
30536
87599
78930
44230
42095
12577
41736
3221
38408
58722
54724
80725
20603
13937
79973
7698
68434
92918
75120
70975
55244
61646
50501
40179
37208
36649
7522
7993
82542
42739
74262
29429
46689
53191
73659
88784
65767
31746
8356
4174
90468
63080
1250
11070
77016
81222
35120
61802
74139
26591
32776
45734
88237
99629
2265
41796
36277
26138
49789
35170
85228
40402
80951
31917
93592
54609
20700
75710
86354
29055
96236
93173
8486
97485
20595
85502
95059
72066
47303
85549
98656
96430
31283
86892
96058
49899
45040
48686
76036
11180
83856
61264
51581
81158
93180
45172
35766
30231
20881
38471
75637
17116
47996
84123
30953
84942
85976
26011
57007
49630
11559
55662
46059
59193
58906
58469
9091
20297
7154
1479
31476
7361
62742
83056
88518
72273
28227
40635
2503
65459
95458
78139
98927
43453
78613
29879
44746
64588
72241
1752
14217
83799
73765
76628
59344
49022
35096
84786
69318
42249
86264
793
49610
65357
83848
54479
37629
28426
95114
56483
93885
90571
50974
9163
50375
29586
39041
95120
10526
27633
96871
24742
27783
86987
17721
87126
36009
52816
88264
5326
11417
90879
6119
61026
56236
89966
31856
10216
34744
26969
83051
28628
17539
34024
54142
67913
79961
93182
63032
90486
37166
76254
31580
64948
63241
49300
52074
99249
18468
56689
4574
29884
47567
27044
7261
20154
33362
39116
30370
68105
66085
29772
13084
99975
80147
67225
67888
76459
76758
47271
66945
13923
23525
14876
78870
3117
80527
47295
18717
98994
3983
23290
45229
51550
66686
52489
71703
47
91605
18424
68151
74041
64547
97586
74015
44693
64810
58254
21152
41567
5525
4448
71841
45401
35675
50710
64869
16201
14357
83585
31547
18339
23226
76775
86240
89911
29264
57943
89957
37220
92718
74459
11260
57265
88396
1626
18309
53205
59880
39460
11123
81756
60259
82963
43508
95933
50025
8376
12134
64381
91960
43680
99071
31537
20454
85311
21448
66069
43253
27756
3288
52322
18567
30899
25938
6962
32525
44247
76519
92404
58
87641
90511
60317
86956
34018
56249
53332
42393
84734
34064
50704
44765
33134
98592
81571
18444
20039
47639
78048
64147
50927
30370
99065
98177
72659
6026
30701
16905
82544
39456
16963
86537
29966
77279
89844
63983
49879
43175
22727
34613
93590
89782
79377
26723
88374
60947
61519
24764
24938
39566
5262
92216
86287
4326
90392
58946
10352
21093
75850
9247
60548
9164
12135
90514
2794
1978
70848
52673
61504
93575
3637
55093
99708
83013
81816
88081
60312
43334
29197
85249
99251
34458
93816
85538
55136
84207
60835
65487
5299
53036
91085
82199
62200
3220
89064
64993
21549
59911
34017
83053
69837
37653
38145
69545
37018
36312
73977
97329
95997
3173
98929
95248
53983
92744
97137
9118
76950
74323
90956
98601
27358
82040
97151
5909
1611
86214
70902
23160
62476
21270
22564
32313
58923
77060
1857
95940
13372
75833
93268
25720
95358
8548
37319
49340
17643
50807
74809
94592
25129
65764
9544
68839
64155
23046
74747
82118
9259
62000
21629
71735
83270
44192
20399
42192
21251
22255
38131
50974
14439
47750
76694
26148
72649
30364
91839
90291
81171
66647
1234
6299
48762
10778
91489
12917
33823
66236
95034
59434
28235
33014
47520
27856
77205
67918
70047
14807
6524
24529
65781
37314
88630
58826
63462
61278
89189
55300
51568
70359
38299
52802
93010
87060
79931
84498
16328
30105
67085
27713
5890
95320
60726
69761
23175
37930
37678
9574
52737
60553
34102
34869
97867
39084
93694
61328
361
99234
32979
68281
69593
71277
37434
78954
58337
33716
63451
74664
80172
30536
2377
86062
42207
63102
72174
81733
17384
9852
7658
86472
70404
58112
21340
68270
97195
31385
45949
97555
30618
78928
82187
16562
50204
19620
95515
8540
69687
75318
99556
49859
22205
1932
52272
80763
81385
24445
62495
98768
50648
70153
85239
21052
28264
22930
5673
41810
54314
51622
55716
84932
46901
37903
1493
97104
73874
13360
21996
43561
88677
21551
9771
10881
39834
62042
7995
21218
2838
70489
36338
53486
56993
21576
90889
1608
60858
12913
43417
15171
80886
99133
16454
27786
37035
17947
41242
27260
47658
63237
70820
36334
1139
96942
63566
40972
75335
71560
62189
78173
58400
14878
48010
15393
36454
55250
17000
13663
68162
76769
28833
65400
75901
45287
93185
29287
79585
50778
56546
27242
14014
43718
79927
15152
40659
59844
72475
15994
31403
34664
10518
6154
49541
58527
21546
2346
13776
54898
32360
98289
31666
61193
63688
23918
22831
73225
53204
2415
24002
9749
46008
54368
53466
25934
69519
10477
85777
41994
26470
33531
93009
36987
39684
58901
11865
77582
77599
41992
48831
9958
40280
80496
87502
20320
4413
10332
93544
73968
29098
33897
83716
91457
88264
53534
17390
74135
64010
19518
32480
90479
69400
25488
43817
25436
740
55681
3017
78338
14024
51847
4648
70655
48694
92149
90974
69458
18833
869
43425
64282
34766
43492
55739
39381
97025
89480
13515
61034
25350
45994
67864
94749
87833
28032
36536
88573
64
39552
83262
14087
7750
4261
84742
72795
12762
75715
58604
31594
92936
2028
95875
44053
61872
51613
83433
58896
57445
13300
36282
82794
59293
20497
77542
63478
48529
14078
68402
48592
69981
51663
62679
94083
55924
47420
83229
68685
39486
41833
16630
32421
60212
28856
92825
22083
96821
76258
97331
54265
89557
33612
37058
65201
54108
30951
45030
2636
45028
13431
67580
31361
65094
30258
41795
37369
94029
25023
22405
49866
66855
55386
98639
43419
84241
91463
81853
81061
84072
79183
35325
89980
29146
72382
71533
83254
3333
16562
2241
64712
29993
86172
12424
11438
16429
54218
65158
26809
79241
87562
76675
62447
59299
75313
22217
43539
83127
4070
24600
67199
83252
59924
57178
12398
48658
28710
12003
51990
61624
30595
33053
91616
16767
45477
19405
49547
99694
84562
76356
95286
88475
69382
57733
47773
61046
79949
7663
44172
370
32262
11370
83622
8538
84900
12371
57195
13609
24373
9184
75232
71319
58588
83199
88085
4064
18955
53984
3758
3516
30339
99043
8342
16072
73127
72466
77117
69428
80129
21288
69797
28742
49010
53418
37279
33909
82140
94473
63869
6512
20008
55453
77831
78596
55003
82267
82659
73958
36250
2768
93825
82940
18163
18519
99011
91289
90984
76127
77068
87464
13767
46865
16206
79128
16634
53484
29388
98774
47957
93256
21637
84316
65060
15819
62911
36415
98086
61922
10372
50687
64689
20548
49979
82851
39066
48989
90492
30050
41468
67559
33865
71586
30775
50070
50713
47409
3554
80100
62534
67862
89707
84170
68529
71119
99989
47792
7533
14426
9713
17904
81464
90753
38451
31442
89956
93869
96783
96799
40270
38250
64357
74134
26187
11484
24204
76899
58892
44109
73350
37777
28322
63056
21946
96850
34174
38286
44641
41706
69063
70705
75961
66879
77810
30764
98320
67765
24632
95102
64563
64901
49703
45271
39034
75889
56754
79589
69139
31997
40049
42488
69773
68370
21896
8071
81572
72421
62708
42564
14127
48123
29621
6439
15001
7430
37202
13320
91546
61833
24774
72460
43085
90828
34082
82119
83069
90836
78059
52207
39184
18108
11047
25309
2829
32942
33379
84400
5362
12438
43316
35840
60560
72936
42279
75560
96717
95832
5232
88262
57665
30005
77073
749
20832
11154
99219
3900
18341
77278
72459
57525
95385
99857
99185
98213
49150
32563
98965
70863
61352
58632
6703
21912
47919
65333
97471
44635
77516
2702
49248
51532
49058
26320
68633
86242
37473
67851
6493
72166
61480
78951
29690
73216
95159
45226
87781
44308
94140
86745
15171
55491
61728
38225
77402
9646
19909
91225
70632
97424
10278
19879
48956
75688
62550
17588
61929
16374
1790
68421
88539
63270
63724
34580
36485
58882
79805
24265
3190
73944
27361
34712
29435
89088
72936
23188
15085
9196
30764
85716
6619
57394
5594
55574
33081
68143
89513
95009
84517
91303
79781
73055
54572
43504
23987
7408
2386
3791
31673
21927
77735
75385
56638
23521
64473
45925
63060
79557
55120
93824
65273
78090
51217
87218
50016
649
55361
39528
95657
56229
30830
91789
45635
1753
35293
69621
9161
54030
73412
57185
75956
67498
32569
48945
91018
13393
11221
70429
92950
82692
64252
74574
60781
31820
61791
27148
48820
33503
66676
44476
6083
13857
36265
51718
31962
87909
21338
57474
41938
11101
14658
34245
78598
63578
83189
85967
76971
10761
56396
86272
93452
36999
60845
70584
85171
38987
97732
33990
88842
80759
94818
94924
94615
47434
62993
42928
35342
84331
401
77279
11783
15058
27875
90381
94988
27415
92699
71958
38175
65446
58229
47978
2445
35425
18561
87615
90763
32644
21604
95956
13402
32773
90880
24369
80206
53872
67296
15547
54554
67697
9177
66337
99106
37051
73069
94093
64465
82119
82402
18991
47565
56982
66968
50009
8758
1881
53975
99521
34524
91930
95476
47926
24703
2707
88646
21260
72931
72293
36807
27484
56341
62335
10172
55447
15738
99592
65891
96554
81711
64645
15545
29275
21626
82512
95635
30384
84392
65961
46256
35268
74242
41731
99545
15296
60790
88190
36556
33720
60482
89714
61203
16823
52048
87727
88621
84137
87318
70863
80691
69028
35507
96235
14654
73485
95098
26640
3868
95842
92600
50123
31109
83194
8205
30653
98489
68994
18842
35044
2713
95675
24757
80268
28849
93157
84346
17469
77293
71663
4684
74335
57043
40190
70569
88048
13674
82019
14688
33893
77860
23639
367
8968
6832
8572
39620
5321
93917
74813
40364
12982
70487
81473
9601
15688
90981
93946
33156
68273
65608
37839
42608
39002
94381
29528
27050
24406
11546
41737
58299
5757
65375
58665
14724
72207
83588
70695
93879
93857
45507
34242
6838
32346
32066
16438
48033
23046
26735
97540
7671
8694
51731
66630
47696
46111
96157
74745
86868
24055
32833
45166
29811
14559
20183
60887
86765
3770
31581
80643
13978
93440
31237
20815
25785
79654
53604
90169
2700
80338
4060
10370
89032
55790
93351
53079
18252
5859
27823
5120
29913
77007
66637
76076
91565
86819
36962
94682
6941
84894
91676
20918
78333
39264
58085
20469
18918
11688
26989
21617
8378
31049
48338
13761
86838
41688
66839
21442
47546
11013
26561
93811
88019
93197
86238
79583
96368
23199
90616
3308
24444
82292
40577
2777
21555
98661
23245
56824
26701
66586
78440
35078
97634
43129
48838
823
1168
15676
22264
65066
26688
65176
75228
31058
74725
61465
26992
71092
84663
17608
90751
9106
16251
47679
28234
37805
46340
67831
94629
73040
34416
89420
24469
32049
48901
89658
49223
66420
5333
71487
31485
48372
53014
6712
95781
27738
68176
22772
15181
69190
40379
22283
94648
56629
69962
39233
10786
32653
7063
21766
22044
57830
27537
62864
89878
92789
52521
39101
59209
74205
26939
90693
22576
79952
13757
34708
24042
98284
57479
55574
83826
97858
77857
94825
70838
64170
34057
97975
13174
57472
19740
35217
15301
63629
14432
21531
56417
66952
76983
15625
41156
3921
22670
80083
224
52778
14790
24265
67413
72268
96191
51238
86477
90399
62414
57315
54568
96471
71641
84093
70294
91381
35661
85594
71361
50092
23476
27777
17043
458
59754
58198
20730
82423
54632
20954
51552
69421
61570
18964
58040
57760
70202
44517
48158
48967
18183
19077
45437
89823
19521
32082
97555
55181
34028
68915
5272
57503
13044
38666
74313
72797
13215
95042
71571
67846
15995
23122
53618
93917
58437
11658
51676
44990
72526
16186
93957
90708
51614
55745
96882
71135
87827
10789
26315
21854
79703
47939
95708
92746
86604
70020
81894
99819
65062
69816
84016
97408
92937
37634
91324
67726
49291
43000
12715
38168
75537
6671
28875
27150
62416
42108
98284
50242
52896
40951
88447
48951
88889
84154
58048
91844
70526
39942
91662
35587
9757
75678
32994
19046
29663
40670
86771
95305
21
99485
33472
75557
6156
78698
2706
84923
20805
17342
51516
73701
58292
39962
39003
63532
40467
97050
55375
27344
36991
47037
79282
63100
39066
28628
82145
85080
69297
68915
80384
69317
84751
13855
44873
7258
92552
63930
92180
13356
81271
43695
3408
55914
8
42410
19445
56827
39460
74820
84170
92802
38208
63452
55901
93625
92079
38045
78704
77727
23311
59087
47043
8062
72941
8267
15319
65492
72196
23851
95199
69819
67545
14959
25732
83905
57368
61529
40731
13179
52700
41252
5981
90907
21055
78233
883
29485
32630
95938
7211
55940
55024
54253
80353
44316
62519
12024
26159
51067
35874
37709
20885
19770
52667
62968
3674
26387
24496
60756
39565
77195
18360
61897
84453
39414
40130
1687
68899
89111
97624
76109
45050
68999
46714
41755
13314
25584
53778
55824
76650
6003
93533
13886
42124
62551
76854
45798
88937
17701
22905
44854
94896
41264
6750
95700
97030
63231
97387
65928
52341
11362
58388
13743
80361
5101
55497
10026
47037
25626
82202
23686
31628
75734
37572
73751
54636
30777
35900
43573
48477
75157
88426
43372
32772
11527
55424
29801
91110
69162
12080
43450
80523
70468
73544
77235
91920
45392
87261
38956
71017
69462
78994
18996
61547
32917
9099
16182
63693
61350
76106
12169
36506
64531
71893
85630
76058
27316
15430
83519
96477
27510
26968
93351
14329
16864
70586
22600
62255
74198
77908
49624
43659
56901
68619
21557
89817
94069
54090
69861
71771
30196
82029
24628
94726
53921
10257
87135
97588
42039
70653
10416
85900
13973
3767
228
47188
90704
39179
9442
64901
17086
75417
24911
90338
60388
46467
96506
54456
556
66366
26226
47103
48395
50854
58181
18667
77462
61667
32607
19500
48672
43022
5399
62644
63140
21978
26183
53843
61157
51976
35095
78242
27393
60005
84932
87780
22823
81437
58587
39731
47803
1165
86833
12549
68370
45013
47567
45831
6680
80173
65331
55351
39547
70729
34346
19038
92707
60528
72881
70215
28855
24327
48456
56247
84332
49739
60378
7154
31176
35317
46884
95330
36481
50069
24230
4850
95081
71796
50680
18112
68321
16010
73462
7867
3091
24159
26904
12149
1038
16136
82363
29893
40463
47170
2491
41146
96909
62869
64651
44436
98185
11535
39765
51017
77955
63994
55866
73035
52141
22897
91147
20461
38907
80960
44679
58349
5119
87935
70497
6156
20422
69211
36048
77236
16380
38539
18381
29640
17759
99384
74075
32295
10918
30191
83311
88872
10536
39176
78258
62677
78424
85756
83137
17330
66716
44168
92030
88186
32102
78878
94341
68875
64440
46741
46111
80820
1631
80843
26811
35741
80226
17238
68035
7495
47428
67697
12718
57964
23224
7328
36992
1647
93083
36480
35329
76150
80647
27358
64335
29100
22588
58676
97975
87027
21768
60437
84198
23398
57631
27361
75490
37857
44598
43524
61703
92025
27572
90773
66340
50795
98100
3331
52441
91182
39811
87769
67332
36809
31479
31666
65909
70418
6693
80235
57444
28460
57023
57994
68209
14653
85354
60050
68861
29951
3573
46916
38327
47496
37688
21019
98290
35787
24349
67083
26968
80511
71203
10651
17320
19033
58669
99580
89450
65361
96166
63246
10173
53188
21239
94733
84192
22944
54783
69405
52894
74707
16320
7572
22203
70359
28590
36844
6145
69291
3926
49464
66153
75129
60115
99824
10513
18783
15755
99963
495
11920
63208
27019
81459
798
21752
82003
23741
92886
67759
92986
67592
84078
16909
6146
54436
61851
42990
76932
31141
63267
42747
13645
54747
2861
13469
65260
37995
29223
65222
54842
57495
44781
81860
55305
61930
19963
37307
2022
12848
5065
11359
96792
5494
28267
2937
76281
6469
62278
69564
53961
25545
12311
67606
80291
31523
81074
61902
85870
26648
43475
40711
494
88255
38922
55799
66536
58885
9457
84909
71732
30874
96267
68523
36367
40886
87812
29000
47354
50089
98563
1315
75633
10873
85272
72276
58748
82697
34177
44617
9344
77652
85327
26190
82258
40600
98340
65146
99484
7796
50054
87568
38669
62673
72442
91388
3558
60253
36739
67263
26694
35301
84929
18678
62526
70200
90953
21273
52896
41482
65889
78592
19133
67567
21133
17742
8166
19472
82887
24002
27267
32941
27921
82288
11965
362
90027
15522
76967
26765
99136
3660
78417
417
22337
57294
70616
29642
94918
39864
71123
77158
34807
6607
61076
55939
24348
69242
75410
7235
9595
19028
56527
37515
1315
68491
37876
7693
364
31194
34457
15851
51205
29226
16267
73542
2871
86883
19535
97789
43098
90657
74946
77904
97263
36022
50194
21610
21615
25603
45196
47561
60982
18074
85075
78649
2916
39302
86341
3279
70496
37150
19130
21700
82727
35396
11593
85597
38630
31127
83385
98079
21783
74683
92334
35397
10704
42527
73359
48670
84481
34906
96230
45463
52980
81304
24111
55895
36957
26803
75526
23804
63952
11007
45504
46678
62754
73448
32275
1384
20927
32011
15814
59061
6693
8148
94458
33748
50674
84168
82417
35155
19073
94998
96969
88404
92653
21079
44299
29610
64233
36176
53413
28185
47182
15268
91214
9935
5068
23488
27670
25994
55499
59836
85054
62191
67983
79511
95939
35008
63678
94707
86514
99103
89705
83482
87506
98709
20912
48156
28318
85145
84331
98083
13329
47864
13350
4542
74151
18417
44382
1820
44410
16232
61655
45816
94774
45989
25326
7064
80997
5356
1771
67510
4458
7827
50992
91963
6535
88255
56471
51205
73399
40801
49287
3079
88665
78988
23973
62815
13757
84706
80986
74518
937
58993
20333
95710
4981
45659
2774
2329
67366
20896
69839
71823
28722
37182
80137
51608
41788
36607
2812
15187
93760
68450
34617
98776
47438
74941
77942
61194
59646
75279
35711
60582
34271
56044
56292
55604
18054
75417
57932
85419
96312
44122
73593
41385
97655
53729
92992
39443
6688
12156
70981
16799
80605
21949
15574
28042
96890
93515
5587
56535
68793
41298
33469
19416
97341
89760
75019
31746
81528
49302
17164
77839
9776
90756
19223
23782
60836
28566
79576
83875
40721
66908
673
37678
88857
16246
65719
2098
26112
71306
58632
94905
28955
92100
14320
26295
98211
5690
58040
79738
71343
91555
73928
97470
82310
93150
21252
59497
38068
827
43372
78788
84087
44044
32817
72943
76642
98536
75040
2753
86193
50023
97657
15147
58475
28328
57793
56685
50369
32184
52775
38064
23738
26702
35533
22399
36204
56784
98247
74271
73963
41618
69410
58049
2014
2227
47343
78655
17114
38734
97759
3306
88756
95416
34804
47230
40095
92596
20267
6816
41131
73041
44879
81220
16094
80411
19970
52297
53547
18216
42919
43861
76186
12329
1909
94551
30907
65603
73205
48020
4336
70963
67677
9443
82730
18832
73025
39177
27779
9643
45992
68909
99035
7222
66480
15128
3984
86449
83777
57530
21016
26695
1390
97201
55375
19650
8103
2633
1604
97659
67004
22291
84974
34680
31734
84055
69863
21110
23231
97641
30752
85574
66549
46138
9147
49380
61265
13131
35828
61393
70660
56844
88088
88402
70396
59814
8051
94851
62447
26007
92509
29450
48297
77482
80482
96382
61537
50344
17491
1119
47985
64594
3045
30885
10731
12191
80265
88348
25321
32444
49740
12333
5639
54179
734
92387
13993
25136
87237
92791
51142
96097
38592
99439
73579
35425
95820
35115
85769
29663
52585
50105
94256
55629
97341
4987
67820
93957
9686
93140
42753
59425
5472
48391
29956
22557
57129
43948
47693
60717
53090
98834
56814
91681
14624
30392
27106
26796
81858
29226
56458
34442
95682
67065
6423
9374
88403
74242
3331
98088
83733
46083
57513
5557
10825
87468
28113
84306
47767
75805
45022
17208
90991
1835
8888
21966
48578
52345
48761
30435
97922
21570
81229
9955
88635
4003
19329
77037
78244
22659
75125
61976
85093
48989
67532
12269
52808
11997
96574
574
87801
57948
17781
95143
59782
43020
17109
24712
11717
82221
71498
25990
3791
52726
35945
92425
56728
55273
69461
51323
94283
60937
29651
79375
9925
13534
7995
62732
25530
4569
79657
29683
78868
13789
24825
38649
73161
58285
63360
84877
40506
51210
27218
44296
20287
63162
53072
93367
34786
38884
44689
29068
99821
74339
24794
9745
4225
32789
72477
29754
53709
52133
75788
32576
82274
613
87576
55434
75249
67288
56662
15754
18497
83879
76401
38783
63393
29472
32149
98178
68356
93190
43598
84528
67528
68391
94272
88104
17531
83100
34210
71239
51585
9997
20166
33858
10609
7742
89291
85858
91381
45952
17963
9877
46182
10716
65011
9574
40187
97160
24104
24894
90349
67701
9421
74228
52443
20045
62332
69974
3144
12893
57564
54728
22889
77730
88585
33498
1823
94227
35707
93203
56530
70021
19431
2712
80736
84441
28637
37275
97952
69092
78520
4652
53144
4293
78880
5587
24337
57563
91912
43832
70455
65827
98560
93343
59908
3496
43192
61730
14075
95250
71284
70604
81623
7066
73315
62358
7859
18304
15984
5810
87395
94504
10462
40539
98796
5693
62477
39484
79607
54388
83315
66413
36566
81874
76107
96474
1722
35651
74555
15796
30900
62191
86399
12522
69256
76066
91232
77114
94369
7215
99276
98115
1718
26089
55005
16865
48133
17481
56348
27739
88220
39663
94151
24786
37888
86609
21259
39609
22259
95813
71756
53159
74355
58155
82032
43611
50572
89615
37076
61292
96830
52703
59406
14899
78791
14411
31764
26923
48243
4463
71013
36463
44125
81515
61248
82013
68124
98858
37973
90382
11022
9729
59892
85377
84235
58276
45339
34806
47890
98766
12449
61071
51469
71854
75970
46611
2616
24085
73534
50859
28547
60898
3673
89024
42413
81272
71036
10536
80129
9008
17269
7502
35088
93513
9230
19322
51788
54568
70479
16029
53334
82927
77100
21154
71133
69421
67764
73748
9857
57649
40958
38403
18547
60982
27426
60959
42253
14813
87846
38733
40173
21466
62587
75260
14978
71816
10934
66765
42736
81412
82794
12421
80691
76245
33574
51823
62017
17689
41922
71873
75338
99232
10275
93884
60213
54053
71194
2466
85217
75391
57550
25389
96856
20136
17001
11834
8304
27934
94950
51039
25697
94095
63459
6387
70339
13384
74561
32355
31072
16483
20579
6409
15714
47206
16644
92278
17610
87837
11095
2826
79579
68645
28215
92787
5132
61567
20972
13435
5852
15921
64473
31548
26368
44283
54287
13058
57666
28847
61765
88738
61681
82343
95146
77394
29548
11790
86024
47157
15978
97118
66335
11909
65762
10901
4695
70894
72467
25666
680
78318
57938
65153
26217
657
9435
96855
13715
67101
25702
75479
55838
3734
74173
67335
97480
20073
95476
83503
67229
11454
80620
49915
23362
62734
60815
44408
33627
33281
86425
50658
27950
44362
15810
54167
45019
41597
67373
75085
25049
9426
66915
97238
13160
41087
64572
10639
77511
60048
94141
61092
87853
74760
11006
27566
53845
71821
71973
87471
5101
58397
38129
49403
19110
70290
19921
80480
28238
87293
71916
53286
96719
38830
50523
9878
96269
31447
20516
73779
7846
31008
34870
95698
22119
45876
23263
75964
17696
11587
79786
39148
86335
34266
88550
21796
20908
24822
2276
49145
12115
90543
2431
8833
29373
69305
35062
25641
751
71929
15771
8596
2936
50641
20645
41406
12868
60259
33721
30563
71845
13507
86062
74531
47772
90964
96327
68679
15785
14954
34176
27899
5496
36606
53083
51220
5910
4496
93212
23013
76424
8983
47960
95711
75975
68605
53469
88842
28863
87189
35756
17060
695
21817
91590
64819
12780
4268
49849
44917
19221
84024
89167
41069
36981
58602
92288
59243
63097
85500
82255
55873
10834
30214
51583
86808
98818
5051
75649
44033
8592
11404
61092
9286
49572
69033
90456
78704
73301
56657
23620
8873
40680
29138
66293
94013
87739
58581
53255
50836
60432
35509
6708
71265
82074
74642
58072
97244
96045
50072
41276
4636
77827
18719
30273
27398
4103
20729
22453
93755
77385
62424
2628
34416
91562
68920
28428
79300
43852
81682
46487
20635
33542
69546
91899
15616
44188
66322
12859
40232
16393
70486
61219
10571
89204
91491
54321
93306
12219
76773
87061
5955
39197
6040
56723
47110
91311
85150
26409
51515
83184
89248
72149
16725
58793
80400
48692
19332
46721
61550
59563
79466
32035
20781
90036
37590
28624
44356
47248
40842
37481
34308
63149
76677
56699
19871
23786
64361
21372
66546
15875
4555
55793
4376
37632
30938
84775
86323
50269
31495
47873
26184
27312
96259
46964
17348
33849
75587
78055
81096
32781
15535
31755
12281
8563
4805
32151
32348
69165
53522
15246
1392
74429
71038
22119
12060
18327
6893
98382
68596
54739
46254
94779
82051
58865
58094
15750
9065
50033
10156
6512
82813
25691
38266
95093
50605
59422
43595
82953
44938
97116
14550
62681
71544
1939
84799
99955
20266
91691
98337
88861
62782
60942
99991
61184
19806
58084
76933
28870
8116
3440
51733
7280
29130
89998
18724
96087
65771
62318
95391
10709
75786
9940
73389
63681
11878
74540
63636
32143
66230
61972
37355
45363
22913
37345
6546
59071
95429
83478
4292
3544
86918
56025
27176
32399
62374
45899
44837
28145
8217
40227
55205
354
50166
44945
64034
62044
19484
44021
10538
2066
5992
47893
47428
45257
85237
53974
20679
80665
53803
41322
561
57072
13698
44088
5823
76072
89986
50659
20568
14554
90886
75772
14907
41051
20716
95293
19446
40200
39313
29984
42265
61657
77876
6044
23265
79464
60017
60295
76481
30172
17968
93393
87243
31666
37480
93065
7737
27465
60076
28304
58371
50961
20427
89629
8363
57494
84921
27809
14045
40586
74144
56309
18594
68371
62353
58210
47834
38721
34856
24314
68892
52823
34058
72487
84488
71537
65551
8576
15354
25626
53231
73724
92938
73657
79704
1301
31151
80977
45461
45195
37914
19604
17856
56507
87974
96560
31068
52159
51632
82275
76473
20524
35097
26882
93010
35937
98419
74912
44512
30124
16890
97743
20199
26179
87751
99902
27479
18901
80878
89291
80448
18791
8894
14655
91649
13219
11214
39068
65378
62845
21342
58202
99720
72791
85083
9081
25079
83501
345
69590
29976
17234
83684
50174
43412
71435
50076
87243
6687
30953
76533
3486
66096
1779
18140
57744
14997
29353
96812
80374
8550
34505
38575
24621
23647
23658
33702
48725
23510
34046
18315
53486
67631
18350
3659
27394
89784
70086
14636
96471
17391
7521
99956
83486
9299
34448
57581
24295
80152
54392
4669
88701
5249
59595
29674
28895
83252
63375
77620
6762
13772
12286
76599
97754
30635
96609
25147
20419
66695
56135
33241
84085
80007
49548
83922
89305
83995
41502
29951
80499
12246
34619
69199
17494
94214
15224
62740
93817
78598
40359
16930
8721
68996
93528
6474
99631
90137
47973
36401
73183
20459
85993
57267
465
35540
57540
89769
35887
99041
19719
16385
11286
70690
1935
45131
81255
17159
7871
75071
12108
64581
92001
37181
33577
1880
60006
49559
92016
7978
85959
81550
44788
71951
55168
45252
23842
12707
35020
76080
11748
71091
8816
39385
58132
10751
868
39386
44261
25090
30808
72720
6022
39160
9900
39598
41040
86258
89156
49407
10587
91466
30957
55375
63416
86124
626
87258
15183
51998
63337
26930
39440
88505
82666
97571
99255
99885
53308
59867
24974
84115
48938
30996
39627
58838
86945
80666
45095
92453
46424
55681
83918
93732
27407
47334
96208
28033
50943
11390
96382
30631
54671
35821
19135
37336
33391
34741
53573
3050
10959
78546
87164
59897
25893
43142
35086
29190
23807
96532
21642
86583
68564
5559
80314
95971
69244
92873
40355
36538
4262
36736
83521
58932
72556
19007
12620
22298
53748
66192
25347
81058
61089
12510
40954
3334
55652
92391
32523
95810
88922
54164
98744
57486
76074
95410
69808
61670
88282
10162
14559
92544
46897
98079
67827
19452
17086
80446
41749
87185
62989
67095
84594
24078
95956
41900
43763
67959
34290
76285
80121
23212
46800
95216
97049
39225
90625
83208
894
78907
93369
15453
87802
56617
29883
55628
92420
63320
52426
50520
50504
15414
33966
51450
55843
29921
93349
99605
14232
27638
92241
10704
67201
39040
5919
80601
78265
96544
63808
95510
91802
73528
27314
79603
30144
57197
51582
22563
20516
4007
89434
87372
19421
23399
38821
91615
69672
48521
91220
83903
76158
99812
10958
59711
38852
16876
40311
33468
29771
20471
28977
21572
93998
56291
17526
40494
29839
69108
79408
50354
89466
68842
54077
8886
92240
9249
16853
78263
57769
8072
62165
50279
7883
73122
9989
63086
6350
66651
96553
36120
87121
41882
74044
97471
98172
91569
54316
28010
77028
33723
94715
66494
18916
65144
91731
27508
74392
8583
5770
48513
33006
84287
98791
57241
57408
25131
20326
80109
91781
33231
16229
95254
75112
6624
92724
73283
98192
47039
17644
91572
97113
12358
58065
16029
77501
66147
43536
68245
74730
49305
16757
24087
49943
31899
81327
7351
57029
18005
3811
48809
51235
36391
44062
42698
43014
53137
32332
57558
16527
49975
49129
13640
78684
23545
29668
72537
89691
89555
40781
80772
55211
73889
21211
5154
5787
2537
28856
62815
36893
32666
27975
4479
85409
72037
47176
28422
41525
79507
85979
58052
45833
35107
71691
24517
