5476
55897
22748
18013
42661
77291
73246
41628
27472
3907
74213
93783
56755
88280
46065
31204
39399
41364
63316
90844
18773
33140
24876
41564
89756
34806
23374
38070
89679
62024
29760
11507
34272
52507
29519
76932
46150
19116
34911
73621
39375
9123
83755
96129
97402
46172
27333
53153
3887
7000
60348
22660
56491
85223
80575
46246
36380
3948
667
42411
82323
30427
70269
16594
99285
99787
9877
45434
18902
44788
35406
74628
53910
35513
70757
67664
98036
14441
37168
1922
37792
97515
24581
94282
99090
21507
40527
51821
41807
41193
10583
24129
87971
80851
57075
3608
96989
66951
49041
32243
28090
799
6870
82000
52663
93978
66015
50698
8418
3182
52619
46209
17048
93552
56842
32489
15058
97368
662
56864
54913
11244
97345
59235
8447
70771
62842
5435
37721
28235
37677
65811
29033
60899
64162
81695
54876
46528
32392
79646
66061
85010
25854
99460
78561
82696
31949
9971
96415
48962
83186
67679
76557
96882
26914
85003
67652
89755
6790
5373
17989
44466
87535
47021
21716
68048
45067
92944
30927
77458
72589
96987
78820
98442
96446
73732
97489
44746
83702
10256
93707
83240
77934
70264
80121
4847
71618
47773
94602
78407
69497
28942
39225
57031
75963
60940
41430
37381
53883
72356
31191
26471
85694
10010
41265
98491
93
55105
59589
83795
81712
69647
83386
59646
56262
63506
80844
27880
11278
91797
22638
80774
20739
61862
54156
13053
39154
95585
50433
93036
84292
81623
35859
86337
7984
93475
84828
8077
64931
44416
8223
46643
30414
91608
22640
86676
55113
3483
30907
66391
95280
53544
47164
16018
15406
1320
29070
54559
13256
95854
63946
13900
77477
16156
236
85460
25982
85063
93536
90913
45830
18110
53907
76244
9717
92898
62919
64830
96380
10177
47572
8011
63720
11087
40380
79125
12406
85801
50035
42014
81655
13981
55913
59131
46488
56148
60942
72470
57563
70830
79734
3392
88939
49992
95987
98656
42889
75257
79837
55620
85433
27408
63631
49153
38494
20362
44629
67252
6163
94664
9265
4169
24996
81529
63299
71483
54028
40592
60304
11590
11421
56389
31334
360
6380
27320
15367
49268
2577
95203
21240
4361
38962
1222
53513
77455
21583
98142
44706
44097
9157
70322
48265
34152
68202
27915
21986
22230
68507
98642
50171
96279
55030
81504
12990
61410
25176
28356
27029
44104
39910
48268
48464
78871
65841
18329
72678
87424
16470
33735
47872
41978
20409
96137
92481
88610
24051
14466
27191
8909
13107
93714
5188
84489
91569
34529
45898
16744
62885
89278
60847
19146
53898
25663
98017
19738
43991
70694
23513
76812
20780
71385
18789
41188
83873
11269
29798
24275
42086
73340
33184
71545
67053
54723
56033
58622
89251
18282
91717
68487
7559
68916
87633
61456
94578
2001
97546
54920
89046
21058
48083
9825
8794
66871
51013
92666
94491
97162
16941
52928
86853
50124
24472
53906
21198
96856
28879
10448
15137
36947
78935
22696
5862
82919
503
16791
84919
98048
88062
73964
35458
36144
140
44251
3014
51152
36917
13856
64665
53857
83136
51518
20332
23959
21775
41529
20815
67005
68328
35951
3951
63614
74998
26165
62884
91853
42955
47802
6252
31017
38117
58061
67160
54609
2312
86526
5760
55580
16733
86777
25788
99868
38294
62471
40179
76420
20351
60993
43424
88678
13295
47374
68644
4645
73538
31527
96497
32845
95681
19100
80213
50149
77161
47372
4757
95824
50249
26869
51403
83334
13645
77190
99553
68290
39660
39731
44709
60010
723
88132
65039
30370
51857
33682
35014
41747
81561
47862
74591
77241
83313
54803
43741
60473
18526
48498
56296
85127
91718
24050
68460
21714
17591
68012
90003
57250
24095
51063
33611
24817
55546
15002
71538
7402
65035
22903
49148
46595
70764
23738
40187
54077
94892
83928
30901
29770
48777
3549
14896
56846
27598
99707
78559
45189
84070
84913
18790
8164
35975
68753
49333
91520
83754
20870
98921
48788
43773
64421
11735
30888
4510
51921
1316
99402
52200
48569
29171
17328
52117
60418
74173
96066
60124
52731
57606
60545
53995
92748
68709
89969
61500
18041
97840
61605
55262
96761
10392
15386
77533
38478
62626
82042
6751
63941
81443
58950
12509
26965
92630
80977
87382
66802
93395
63857
35885
51000
24402
6231
43747
9462
96200
5246
43854
94039
66850
99115
7151
93594
30853
84683
32071
93478
83077
55173
73770
64519
14123
2631
7836
23104
83607
11569
6257
77001
75426
58493
44353
16179
64724
88099
25640
60923
9697
69493
71313
92898
84959
94816
2843
15811
95850
51266
25640
78926
6438
99410
59797
36912
2040
67632
60015
1998
79200
66272
95351
70977
41116
39703
87155
5839
44153
29146
83113
70201
14990
54426
79451
99949
65593
98645
32111
61442
49910
74103
56720
72700
73512
16516
9611
91903
499
85978
10252
96050
68601
5602
67027
9716
61656
70533
15555
22161
16031
98667
92361
31020
69444
88163
47320
35036
86808
95783
12830
53069
69885
85901
25768
59748
2416
35379
68002
19266
21356
78253
15315
6308
83855
82341
16023
61862
69226
31577
84022
85256
46596
92735
32627
32391
80897
79947
83779
84056
75729
96608
37125
61965
82508
62892
21712
1275
98270
89713
20540
35977
67965
35854
42284
68171
34547
74659
46385
20124
22587
30406
5379
69182
23140
38005
1573
20389
34303
85351
4444
10031
98310
41568
88347
97169
4460
10058
98443
19081
16122
35334
71410
439
87539
30045
68609
38437
4703
31345
58560
27290
61751
63938
96471
1242
18295
14395
37982
68949
16097
42426
78980
14406
345
67326
27926
21156
93736
42720
40237
9857
78053
11646
10295
81944
58042
95256
20380
62745
26600
78940
90034
4702
59229
2856
5944
77523
33603
43925
46472
49699
2702
41803
80457
3047
25480
8382
24202
35567
51102
80790
45424
45506
8787
72070
43801
66829
67325
64181
29573
10277
43120
35958
14978
2348
55165
20921
96223
5119
81198
59046
54818
251
848
51626
19649
42679
76359
60203
78246
43812
40992
40021
89318
49779
12090
33118
32959
95767
13650
78883
6043
56769
31192
21020
75469
86356
58293
71691
7827
55842
30736
62644
56092
47935
30621
75741
6965
6979
52295
85210
50791
93286
41582
56460
59416
53672
89577
92374
65790
3227
87608
71832
76347
18799
9203
51815
21507
67495
39857
29333
23336
86944
8328
95780
34878
38948
87872
41843
45926
40166
43404
13068
49803
84986
69527
9219
55009
59104
17944
20798
78682
21904
8981
71380
40702
18183
39547
78560
2030
79403
24244
41717
66347
32571
53848
17576
87870
41719
75770
50148
98236
19174
63215
48039
20511
32742
73609
91871
8197
7904
29020
3230
29807
54352
74609
86861
72534
30507
65420
90915
9910
89664
32632
92608
38586
86479
10183
42808
44550
85953
92955
42785
21478
56169
90823
58340
88910
80783
50210
97106
88687
95581
16687
18493
49932
91296
5353
22465
21802
87125
29732
48063
93140
62363
40670
48077
65193
67205
90884
9742
69509
83838
68879
90986
56359
76053
49325
45268
56836
15886
58726
45522
11466
75412
80366
61397
83059
2071
213
21213
89195
29944
69275
98686
8658
26297
46762
73851
93501
37646
99944
79361
37835
68822
70346
94193
61227
36022
39461
18062
51907
14538
63583
79724
6301
60300
41120
89360
62370
57684
26924
51564
3980
12550
50249
12637
38846
13363
2839
48698
51008
19135
28058
5194
4308
14755
99387
65534
67128
55199
83595
35386
69736
63529
15109
92388
23829
72580
98099
86198
30264
25022
54114
50595
37572
20714
63231
92769
34076
82422
57819
1435
1556
2228
6629
5863
33335
6015
71397
462
61213
71343
35848
47300
34872
50956
56039
75052
39888
54138
77601
86503
79159
31714
37097
33082
68780
327
42203
19207
82748
21
20642
655
18600
43622
6518
51934
65988
94266
52396
43552
65608
88243
90851
16831
55550
46889
91882
95437
17378
85835
81939
12889
17548
35387
45970
2679
35714
88172
21886
34813
4544
58879
51820
23144
2500
74689
91429
68487
68954
43824
12038
50913
48418
19240
84096
3968
82480
92329
15756
16210
78163
14047
29098
12063
49433
75067
14741
1498
79591
52978
52663
486
11856
4482
39981
30707
95522
31410
15545
64475
75233
43934
31739
40003
79525
15834
60322
78357
24515
92429
94566
2677
6475
23663
14739
72260
98729
45832
90109
94671
98809
59123
95157
27017
79956
51489
74075
75477
82898
89620
56303
74483
49905
88042
14485
29430
20227
74806
7786
61093
67234
18703
63770
90061
42365
94860
78672
57445
40691
68780
52116
55852
27903
63624
99220
7858
31464
73294
99687
14362
79265
55989
5196
29170
60382
19680
74951
96961
10837
99088
58053
94422
17790
21822
84482
60154
16682
79505
17598
73724
48285
86065
45927
92539
66040
45146
16748
97504
34792
16434
28217
14056
88775
33412
59577
49156
69443
34527
46116
96631
33614
4169
91052
51403
25990
91886
27908
59023
71390
61858
49099
36026
64274
95025
44916
30314
40171
61664
44169
74962
94449
88737
5369
83223
38500
64946
48731
7942
99472
94846
4572
49438
15366
11975
17192
41356
3860
45100
16730
91602
6957
65828
27627
71230
60853
72543
17895
17375
50558
78415
92336
61358
83503
97704
60933
22002
62649
9663
46295
78473
20860
67218
27910
36226
79193
45101
93933
83052
6552
10662
91005
13508
92842
18632
1090
53694
7526
35336
71068
58083
13751
79755
19440
97253
77458
80372
35607
56459
6386
81901
34931
27246
49119
79192
63471
28311
40644
73755
27714
47196
84416
35071
77055
77257
53702
94496
47302
61227
29832
18369
19309
59934
14475
55100
73538
91933
51824
9144
64743
74561
91045
16025
1806
56515
95216
81628
1177
52211
55382
45242
15758
56150
80312
92813
49758
34013
3660
97060
11591
33491
31780
47251
9776
46255
2351
83314
54539
70526
92457
19281
45086
99853
35305
63244
72719
46872
61223
73895
99082
32957
19137
14840
89106
15800
24004
38863
66165
27663
52274
77755
77506
84054
25006
87281
30308
43708
86946
1198
30585
79403
20478
75670
95607
72134
55265
68326
35357
16488
58572
50790
65796
77708
81981
54901
9860
5984
10115
76024
49999
62389
53778
27504
62794
95135
31136
93101
38842
18082
94298
69426
13836
31127
61448
25794
19612
33064
94119
54968
65903
52691
5757
31698
46750
87738
2950
56609
10073
13065
48984
60071
91805
2762
3926
54598
97896
35062
64050
53090
69495
74699
22515
99682
5825
314
25475
41788
33378
35946
96755
99280
4988
18863
30978
51737
6600
33927
24698
16673
63343
73681
93095
55147
92794
97021
26096
7042
48434
90145
60131
34280
64843
82645
33961
87019
99311
75787
28806
32688
11732
41912
48319
16719
60775
79296
84808
67374
29575
25857
398
9269
15889
9845
80768
8683
23217
6863
15724
71650
97008
75854
22281
78202
74850
72593
65221
90512
48379
94026
39551
60111
35938
87870
76829
13064
83517
77988
80437
29443
3844
97187
38712
19733
7031
19479
44767
30247
42693
76842
18248
39700
69047
56880
17902
60248
29472
99474
50760
77850
9851
90310
54312
62140
78179
47493
75203
61696
25480
71992
7490
29324
69178
46201
65408
92560
82031
26526
22806
24724
3367
57405
64423
72413
14284
98676
32660
43755
14501
83419
37956
24352
90081
92268
86491
84611
39760
61694
46306
81591
33685
70148
27266
19214
16348
92673
11773
98379
19198
50930
23102
38916
8334
3876
11328
38969
18904
60340
99075
33404
60110
37030
74107
50190
45649
60598
34801
1760
38643
97458
83351
88679
67605
10616
7892
83953
19641
36016
98683
55190
86945
38136
94106
11630
58363
21785
50598
93618
82124
66024
27022
42234
19405
1128
92423
65054
78077
43575
66813
16719
41033
66515
21749
8637
77131
29640
8941
13123
82007
23975
68312
68951
78462
62417
96932
36825
84202
63881
30442
82677
29904
73815
24910
49309
91295
33685
30714
69371
77259
13878
2442
18291
80393
24190
43280
73875
70182
68572
86997
52188
92547
55308
37491
71008
34077
50774
24184
34630
14655
70978
17306
44558
44792
58568
10218
52438
92252
40931
21809
69510
54809
40602
87801
35201
81143
47432
9075
67676
16003
12423
36216
24901
84082
90058
12261
18158
40831
36444
69139
55485
23773
2797
16395
68565
61364
26612
21002
53615
67543
59162
23124
38703
16115
10924
73903
13610
74707
99329
81285
90710
28103
33852
31962
12184
23909
44222
46694
64740
97018
15832
20224
20790
18628
52970
5706
96343
79582
43060
49957
63476
18573
73081
2178
34688
356
92432
64649
75063
8112
45933
82124
36214
79785
14085
64749
20045
58307
11442
84784
71676
43626
21360
92465
78605
74329
98171
74948
70262
57582
24904
33737
76154
14336
52266
27193
14692
44697
91841
6106
52808
54126
88229
5373
50262
2313
70122
70306
76971
97915
71442
48646
41540
9153
57463
36497
99833
55633
11444
70095
29566
52699
20183
22071
67035
72449
49264
98078
17145
57456
4183
86305
27933
8763
8029
94546
11075
94502
81204
4398
92417
52645
53043
50308
78149
10505
86804
77981
82489
14599
48075
28406
67298
68258
50477
50684
40706
16092
48761
74202
73547
69295
76858
17832
78057
84887
12377
5483
79388
93580
9880
88156
62576
79275
38464
40724
89779
41619
18705
88620
56218
83131
17025
23515
51388
67501
90550
8445
83592
39310
82647
73491
24956
59504
91322
3012
60742
20050
8494
56482
29982
34726
44637
92557
14000
99452
49633
20130
41071
84689
8749
97288
67819
42126
37154
35559
25978
27703
44003
25922
83364
43001
15764
8319
18857
23437
27682
79598
43486
36175
52431
89819
87252
97068
98728
1251
96519
48360
21381
53941
33048
46481
51228
17218
4958
4733
52776
30936
48787
96779
73209
48502
56131
88972
73172
74987
12408
853
54585
72245
53380
23367
62064
40631
20434
60791
58234
33305
25502
79614
87245
74901
42446
54825
92118
47404
75909
44894
94691
24696
58024
67899
73197
14154
73222
46369
5493
1981
63573
76429
90577
16952
99795
68992
73935
20229
29782
32168
69885
71635
28133
57129
46535
70578
28305
55005
34333
4214
16250
45375
45261
74273
29625
18457
4778
2846
81177
10270
21178
61102
86698
11755
78053
86493
80746
68339
23073
26880
506
9309
98514
28638
82789
61401
15568
11094
16405
66252
31659
32654
11627
76919
23278
41251
11727
28055
60449
9256
54677
81626
70357
57726
93380
64761
60570
90478
33100
99994
17357
49957
9302
32222
94947
92091
93622
10514
3184
10026
93117
34842
59031
4743
28112
82308
45994
39838
26715
6442
49093
81391
88067
19449
55468
97799
562
16038
88276
33661
16031
21984
99969
41685
54205
94915
33775
64179
21780
53310
90556
14897
4503
49587
19639
32614
31894
81984
88803
58608
4777
37896
56350
9196
73696
11818
6994
74257
44207
11621
24269
76589
49956
24238
18273
20512
35504
52047
84690
57284
21708
91598
88532
26210
41184
24522
58823
73077
6506
63978
48037
27634
1873
4386
36829
91920
32555
60174
82529
76761
71794
6797
53350
38101
47386
71622
58613
99242
40021
59654
56525
61728
51251
61408
4290
92434
85929
79464
81863
8786
43441
29899
36420
45313
50636
89600
53585
99543
49774
36113
76303
37919
59261
46004
76020
22999
33978
34632
22240
73998
94285
78764
52077
45536
56523
56366
37969
42451
35830
36183
67589
79270
82433
20360
40935
49421
9959
94519
48963
59732
46983
25265
97651
6243
71269
73670
29241
5246
8301
51480
95595
18937
46595
47671
64472
19469
20389
18793
61920
56218
71327
45860
35487
53760
66219
92773
3180
76177
87291
52142
52261
50625
93758
49911
56868
81378
39932
2460
2975
64584
70292
14921
83520
33238
62592
64344
52707
82980
99488
30978
55549
70814
76837
91035
40925
43055
160
44104
35583
3802
12597
4195
54427
6355
54105
11294
4084
10388
30105
7059
74971
396
21979
74843
33634
922
39186
86340
253
38673
17317
55801
25838
94153
63188
66763
53559
63347
27218
5493
67148
39815
9688
37926
62521
80144
49219
82956
90532
79324
6366
81854
96071
44697
56696
29704
45618
12233
32395
62223
67257
49711
34375
93095
60215
13914
76209
30125
77260
3426
35618
60760
59592
61657
98685
22112
58152
64256
21420
65035
59931
27785
46889
56001
72481
19936
2057
34451
32169
34451
96673
99425
514
47399
92519
60728
61313
68727
7205
38572
88505
59174
15683
48096
20830
30720
86560
95333
11327
7979
60368
87609
35763
23608
59961
24596
43543
62017
59046
75711
12820
72070
91488
13333
19468
84006
90412
80780
69085
97616
35704
57589
56789
67738
22036
93970
98457
8595
89303
26135
32925
66022
13743
68688
89629
73704
93283
49523
52072
68680
41586
81243
40749
33073
94575
60216
33430
1339
40996
2514
98954
93051
76454
72095
60788
98490
66064
75597
23436
71718
1731
56361
54091
31826
41400
43719
21881
51034
9594
73952
19713
51179
71547
60461
84251
66121
37028
17680
83811
94375
36546
82765
87425
29351
71211
64565
44192
53626
40161
67628
25344
58243
40340
79434
90068
98091
39505
11948
49124
65450
2252
85188
16628
73798
62000
17230
56270
99027
51261
40081
9754
4158
39197
13530
33509
26759
78094
77700
80384
18254
61679
22079
76497
18370
17865
82916
16460
57369
11216
81935
39170
29819
67122
55797
3616
29121
89378
76237
44500
56990
32669
54253
61148
88217
67782
11008
14975
45876
5059
95359
80481
66738
33789
56977
1459
51653
56245
34271
25373
67460
16205
64542
97278
83327
20338
17245
28799
26067
9833
73298
83057
42502
43902
60556
47070
28036
87915
62045
90263
92973
73755
70743
76062
7543
44072
77521
75548
316
11791
920
84127
44347
65462
81404
27673
2151
15000
72824
28218
24832
62473
27626
67333
22727
4533
14403
50762
92447
92799
57376
85419
82905
28118
61481
6799
88541
55353
82346
5208
83495
83266
89334
27841
48727
87089
55514
67229
2088
44689
11798
26920
7161
39423
10604
46239
60307
41358
97000
69105
50508
54375
54524
33412
98845
32356
40211
3737
4060
22556
25297
87554
22173
30982
15394
87251
18071
87259
54480
36510
31947
66277
79781
55460
22052
6737
1698
82358
48094
15050
51463
14954
85776
22338
48365
972
71045
4927
4709
75104
43835
46357
62657
66007
77338
78050
53258
11760
65309
7737
48270
13607
74013
44402
85418
96064
51138
87116
94774
15584
18517
62588
30537
4292
84925
95253
5264
72321
180
26324
47424
44014
89032
10080
26372
66369
4481
79629
78129
86141
3717
42750
99748
94082
3503
85165
6497
54641
88632
1270
70224
7148
80209
17112
27792
65133
12364
49407
37453
28895
92082
1228
89260
81113
27659
15632
47481
32140
11612
41961
18280
15329
1062
34379
25762
4565
35896
32258
75557
40879
49880
45780
64379
30088
79243
92170
11573
7958
41576
65377
53205
33657
66605
42464
31121
94263
74447
78601
42754
86059
36914
77386
17739
37975
11764
43500
58891
64011
75757
34447
4890
25636
96578
85620
55724
92172
77789
83648
130
35716
49024
53334
85724
15628
95797
16844
26243
86596
11796
68996
72654
48709
46381
90392
3036
74497
50243
78278
38507
25999
12725
59748
67987
25654
45367
40062
17826
39507
23709
17955
75222
72732
87640
77297
4712
99788
94140
30954
86383
5936
99949
75388
70996
62682
82131
74031
37178
32373
52309
75684
74724
81385
51784
42710
7038
13502
99123
24863
53009
39183
59169
44582
11914
63160
21879
32977
62948
32370
80282
49330
38305
96583
24718
9301
59264
6848
99683
96441
55573
51991
88476
30296
49727
40259
89357
56765
53761
88479
97979
23121
27661
73500
84054
55926
36659
22284
5255
15958
54654
85536
65288
92958
82118
6357
18610
41381
29556
18293
37821
1480
86635
26297
31775
52714
82907
37483
25830
53019
25961
23808
92491
69973
13659
76545
42251
66670
98828
47505
82627
69833
33040
64266
79143
31510
70622
97752
72890
16530
32396
27063
18009
35383
69711
66136
88096
52617
3618
13925
21988
45931
54084
14478
32255
84095
7374
90857
50764
22554
38361
33390
92386
87753
97656
71528
19262
84629
85632
92151
1158
18027
35565
35519
69761
5275
18006
57856
74244
37975
88132
96231
257
42216
27060
32512
26310
50786
23368
93425
73339
78081
26814
82076
65833
24469
69956
1446
9098
55587
9948
26607
89965
45513
78477
59726
50787
96482
33933
25030
34457
22065
37612
34713
80632
64672
83576
23293
15457
23296
16717
5147
1376
59882
87222
83560
84351
57177
85005
9800
29115
94952
36406
35432
40464
14883
95157
7603
11364
45441
32632
62172
83857
70244
13237
80840
51267
96812
20484
66723
20107
37200
88221
37834
97082
75442
21393
97784
48971
6397
7583
94437
17701
43988
29868
74516
75222
41376
82118
86586
86817
31102
65109
87025
17697
78345
67865
68963
75157
88348
52037
11615
41900
40257
49449
55333
32050
70841
53116
97372
93590
77050
91809
27642
37389
38028
2157
12611
79404
84275
15548
82572
15376
80656
85948
33072
75353
53812
18386
66861
58512
70422
78475
411
27030
44275
72095
59079
31468
41562
72803
25057
18611
80963
52698
72351
18990
54854
1313
14745
55480
16860
13668
87207
13868
15968
36630
89220
86131
55015
72432
44642
41788
50906
61404
68817
11533
49850
44248
43000
91411
17050
68056
26373
14364
37105
98724
49705
8310
36
80802
80142
33248
94469
67348
63467
26788
20330
69038
12919
75344
41469
57560
33484
8726
35316
2300
20258
85165
62899
63257
76576
79948
47664
19300
10663
1120
18023
60368
9430
34411
41169
5923
84010
51989
73270
47476
78777
9951
16513
91695
1647
57981
65606
35130
66706
921
37429
3316
2438
328
66572
79013
96627
30588
14664
7290
31707
49039
84009
57488
83449
25177
63410
83810
77165
53032
31285
55941
62982
47797
63987
64628
22129
29593
99757
5186
46865
53538
8501
49302
70217
91425
44666
66843
22012
59330
90484
70070
8368
74492
27558
8168
16020
7319
91977
9537
60350
39613
81829
39684
3761
45816
20663
25889
91760
20420
47426
38624
90309
55927
87926
60525
47351
32591
43719
85714
8272
50555
55783
32991
41398
83340
41158
57418
90659
49486
66954
67360
89098
65134
7043
92858
10949
27706
35098
2708
64477
82524
57684
71137
54802
45609
48013
18504
94551
91731
4217
19175
58637
76351
52165
35
59691
93323
73804
66701
59160
57109
50412
64610
22242
73807
73819
49543
17864
8917
52250
98692
7792
9933
69828
62593
71893
17840
81096
82796
25922
1664
1970
911
78014
54134
17297
54056
63808
91100
37108
22968
64560
87520
87577
3153
61326
61395
52695
95541
86663
21297
94232
94454
47581
80411
73398
19474
14602
54493
18621
40523
56156
20590
57785
50522
74723
75081
4577
38531
66180
41685
77850
47091
45556
65426
50244
23233
43172
19290
18773
29835
40586
13004
24288
88167
9766
14038
23992
24367
68530
58964
64889
41038
79553
22674
91559
70627
14106
12487
25509
96638
54171
3358
43728
99726
85135
93971
22958
28307
13261
58082
74493
70198
87437
15132
74716
97202
29169
15059
21568
97699
74022
86457
55088
53574
25482
62998
24201
39587
75484
49709
36224
46007
69419
96304
45732
54553
6626
85042
99211
36238
43123
73703
6436
30560
88835
81151
27761
18003
96210
49329
32053
70231
52137
87140
40157
93970
66489
80709
49908
41973
46769
2484
87979
16187
98787
50062
87092
5412
51455
86302
58002
10930
60005
64437
57841
65191
61939
1953
83193
74500
51281
15246
61083
19769
18737
1239
30090
85226
81947
79998
43550
45067
98833
47880
61254
97619
14293
48345
19382
65748
50998
93735
93029
27354
58171
50869
92544
36462
52821
75737
27313
20454
7334
88395
40222
26070
5985
86664
27647
87931
83013
71196
49350
81845
19075
10603
95815
33368
75299
31548
15467
42648
25283
8495
70002
99805
59363
62545
36266
28535
54633
63579
48988
61966
68325
5562
88036
74310
92225
32034
78592
75237
3230
27941
57081
38656
54895
52895
88375
30193
794
20193
89193
26076
28687
59194
25881
4401
38090
78498
32936
92723
58428
81923
54688
43105
87484
59075
17414
96060
91109
96005
71296
10690
23946
44728
65697
95192
97622
54072
25385
14768
74264
14577
40843
19303
90122
83075
23703
28211
77925
56638
20933
36352
54913
91973
79456
58748
67399
13221
54808
74859
9226
42455
85548
49523
87183
51245
44714
1156
21668
86450
15923
12283
17378
56766
31585
7499
56192
55288
52062
34116
28277
89346
70468
99541
81318
66275
58289
65069
95848
29448
39927
5073
71902
41827
70947
59084
9423
32012
76592
31090
34814
92514
43372
52191
49279
74957
76042
21823
46596
44455
55938
91224
33800
42757
90765
15118
25384
65405
80186
21231
11204
36464
42655
83105
78290
13601
58541
87712
61964
35132
35153
96777
27645
78525
65320
93276
69833
57713
15098
32780
2167
87387
40355
52318
30144
47471
67435
55527
12875
63972
76757
24078
16788
19411
23535
95077
49363
98427
82789
11326
49910
34293
24455
93906
29169
6126
87181
15353
80190
18630
48132
98708
22369
88487
51025
52512
35957
34812
8038
65184
15135
1146
5613
31922
20556
45499
26999
86270
43925
26139
13947
93834
60431
54753
87740
89600
60878
91272
4952
57419
26254
69436
56126
64974
74274
23503
17485
26582
58314
41874
91765
73448
43019
13730
21722
79926
75580
48720
66195
19505
91210
96493
29690
51640
51246
33781
57591
28475
41405
78895
85894
84010
48330
58371
48983
22603
81873
66467
65536
56538
24692
73653
29986
67710
87382
51707
63987
62961
16778
46533
98817
7987
43025
44859
75978
94270
94991
49921
22745
36395
28815
24990
36756
77144
83360
85738
16098
81585
68556
81633
38122
93247
55285
84459
77308
59018
52517
41294
21979
69294
4178
37147
93632
47203
82005
85962
41472
76996
35882
80568
29742
64696
5557
66498
58191
5269
68587
90640
86853
37143
72272
24974
46741
43909
25785
40401
2926
78301
81694
41256
63947
2224
94755
57578
49426
93111
43539
90897
70106
95772
87817
16200
60467
93373
82697
35009
14993
67635
25648
1845
4777
97920
43171
67870
58180
68955
8270
77457
47255
6315
18713
11201
8538
29819
85131
57963
22929
45021
65212
9387
40793
53028
25586
17611
62752
24634
52620
77745
92268
78267
95941
13397
92538
39111
81266
50717
24417
89535
28174
88024
95849
63238
15576
4387
93056
706
78701
15984
62079
43912
25370
19223
13291
67307
36833
92395
91940
5804
86491
560
84071
82431
13956
92960
37894
11573
60029
78662
1107
4554
66685
13307
84143
82261
34045
77198
99318
29098
9533
77748
89361
51255
96970
2652
18561
33803
11398
26853
55958
97888
43764
56380
96670
74071
49340
34563
85643
25720
13225
3101
30273
96261
16407
14415
94873
66804
7964
94191
95901
17496
71938
85261
85102
85260
4264
20015
19062
15661
46867
75019
29900
6982
47751
26570
81052
97090
77484
66694
22809
7060
69794
69433
3321
2552
199
14545
69355
8162
8735
81607
42009
97025
83220
27111
82284
87483
63477
17697
19496
26695
9067
49395
33676
56817
92316
14727
70258
69800
81420
9418
93211
67565
78850
12883
70116
79048
27428
55823
3561
52514
53781
45570
65890
37000
89032
48173
40835
52508
82221
60330
79202
7640
26076
12877
80808
18392
27603
51066
4543
25374
60483
97753
92938
55685
26988
79405
51084
70767
51579
54645
23280
5360
16566
89170
58711
5597
53694
99545
58104
52267
59874
53657
59906
85950
66533
40713
20693
10487
8130
25235
52212
84965
39339
61501
57001
82678
40905
8084
53444
8836
62728
76724
30547
95645
82245
89257
1241
35938
5154
75696
4556
65027
29352
64461
67328
12236
21526
88020
39074
46007
29606
91285
30971
85297
52785
4323
67974
10042
12407
21418
35229
91486
14493
65775
87131
96737
71383
88371
49026
76536
80419
53582
57915
26122
34394
41594
38358
72271
45966
93783
18278
75571
85068
65600
60867
54204
69923
45193
80597
98681
66610
32177
90166
97454
97951
77296
94190
85686
82019
43215
62221
78789
13148
36487
4910
47542
78081
59619
19812
24046
53402
54441
15968
54821
36393
93187
25376
6315
38379
22325
4995
21340
54501
11512
18793
68804
5160
29334
54489
3530
88900
33061
82318
2048
69548
3579
49589
63980
63198
85752
88025
16599
56545
20344
87771
92937
13530
13146
15603
51908
35470
36949
89599
89971
48460
24743
58774
69971
54076
13262
73500
42976
62674
72169
45023
48573
75748
10963
12552
38945
13066
16928
71895
69610
37272
59665
78898
67153
89162
94500
19061
24632
47800
25011
30954
12612
49754
89727
82582
3829
19340
72434
63156
82013
44602
8178
46938
36701
35492
59489
91997
48558
76417
80243
34519
30040
39907
13417
97192
45421
24268
32604
70052
72068
57615
1005
84679
23720
7083
83612
43900
26422
56045
7056
24786
647
15233
71723
53699
50725
47564
45696
15634
40332
25938
50152
70371
82197
63568
83914
27617
4188
16518
14020
76255
90484
15024
77285
14203
38458
60896
58102
81231
16941
81509
22368
33939
96742
10443
87637
63818
58006
49684
79451
98337
91974
45954
85059
74170
9522
68972
18138
13709
85489
32157
6315
92324
63532
83599
6526
1989
44494
80980
99571
77786
62488
21938
11724
75581
32380
15713
39398
90385
65396
35200
5073
57369
81154
90131
47890
7027
59103
82379
37087
60943
14535
43401
53267
94418
43351
76144
12758
4196
57123
12328
81982
35963
34266
10057
11543
66645
25769
67293
73382
7517
18844
94806
81237
16349
84937
45479
23375
60391
27857
76813
37685
42392
36565
90951
53161
79915
83447
65919
463
56921
78246
98796
92883
12511
8852
20778
95508
50973
4422
85241
74841
39617
80046
56077
55966
81334
1555
95692
41724
29412
72505
95761
88155
9069
86711
41315
5336
86509
23585
22150
43430
1831
20945
52664
14341
29796
73441
26200
97120
94214
11440
71960
33831
91486
28037
6148
72819
45943
1839
30895
91706
74343
26655
96212
99764
29717
53879
21451
16226
77463
43600
76007
79293
64544
28670
9986
10691
18463
36185
7811
12676
63977
79770
62858
55462
24158
69005
44632
86453
87196
75526
78158
77890
18532
90722
77653
48249
44600
99103
80826
22062
59054
56832
17707
23597
85501
44044
50640
3963
96580
74802
32991
60556
54571
12200
16017
95081
81205
77001
81533
68400
52526
76042
62641
87410
66763
40294
35658
27714
55748
16483
66128
31154
89666
186
71102
75166
44229
21741
95481
40808
96542
28471
1364
67465
40670
33732
78897
38226
10732
76781
22977
79610
52822
85618
67019
35937
42263
19028
63650
14362
51862
46129
45515
41527
46314
16617
33044
90542
38357
28524
31350
51251
73346
49065
18715
30368
99148
97611
84945
9880
74391
24274
5841
43564
9891
72859
79500
68505
91886
59502
82866
60099
5630
28381
1625
68296
44997
34668
58837
99705
79544
6538
50955
69241
71954
86021
99608
71102
99983
905
80981
74373
25178
3173
34289
35068
76031
30140
19924
84268
89641
2789
44366
11623
47521
62342
79918
8869
13361
55106
8574
92904
77996
75880
62145
49949
61901
78104
21050
61883
79008
18382
52608
4185
21554
86896
55604
13936
17035
75527
14555
23028
94668
75272
51002
42188
37613
47271
67409
67326
2376
75982
60229
80371
68213
38725
30320
46465
33181
67721
8348
12188
2455
77307
32725
24008
80554
88328
54296
13940
80207
85202
36967
74874
60474
4320
33413
14438
51590
821
81763
53966
93154
58344
50688
61367
97068
81007
7831
46600
65080
32530
58788
67534
9836
91512
7893
6741
96191
62188
20681
76397
47390
57647
67622
24215
61967
17387
38652
29908
18207
36767
83873
27713
95110
34561
5431
8529
31919
29613
55129
96998
62143
30268
80883
88330
21779
88776
11423
34321
67315
32103
27070
31056
6101
94691
71622
84419
28429
26626
14327
62988
63392
98199
90700
58501
49111
12482
67029
81030
42094
38509
94379
20588
68776
91614
25270
6906
96741
36692
41227
80407
68794
68296
27815
74894
79338
99436
59313
7767
26061
73639
87106
89452
88189
77805
64304
37300
90286
47685
34681
48731
86193
45411
69319
54969
37024
94588
78226
33764
31279
19452
14171
72
4099
41985
91317
99789
57772
50629
7555
83833
40619
94660
89636
28808
88816
53940
82459
95453
1624
17139
44183
4168
78901
13501
59136
15925
24440
37362
66040
55718
73165
80210
72141
