version: 1
creator: callgrind-3.11.0
pid: 28790
cmd:  ./exec
part: 1


desc: I1 cache: 
desc: D1 cache: 
desc: LL cache: 

desc: Timerange: Basic block 0 - 50052
desc: Trigger: Program termination

positions: line
events: Ir
summary: 234851


ob=(3) /lib/x86_64-linux-gnu/libc-2.23.so
fl=(108) /build/glibc-Cl5G7W/glibc-2.23/posix/../sysdeps/unix/sysv/linux/_exit.c
fn=(516) _Exit
27 2
+4 1
+2 2

fl=(60) /build/glibc-Cl5G7W/glibc-2.23/string/../sysdeps/x86_64/strrchr.S
fn=(236) rindex
24 1
+1 1
+1 1
+1 1
+1 1
+1 1
+1 1
+1 1
+1 1
+1 1
+1 1
+1 1
+1 1
+1 1
+1 1
+1 1
+1 1
+1 1
+1 1
+1 1
+1 1
+1 1
+1 1
+1 1

fl=(46) /build/glibc-Cl5G7W/glibc-2.23/string/../sysdeps/x86_64/multiarch/strcmp.S
fn=(178) strcasecmp
109 1
+1 1
+1 1
+1 1
+10 1

fn=(188) strncasecmp
129 1
+1 1
+1 1
+1 1
+10 1

fl=(77) /build/glibc-Cl5G7W/glibc-2.23/elf/dl-addr.c
fn=(314) _dl_addr
126 9
+5 1
-5 2
+5 2
cob=(1) /lib/x86_64-linux-gnu/ld-2.23.so
cfi=(2) /build/glibc-Cl5G7W/glibc-2.23/elf/rtld.c
cfn=(50) rtld_lock_default_lock_recursive
calls=1 704 
* 2
+2 2
cob=(1)
cfi=(66) /build/glibc-Cl5G7W/glibc-2.23/elf/../sysdeps/x86_64/dl-trampoline.h
cfn=(261) _dl_runtime_resolve_avx'2
calls=1 -69 
* 1190
* 5
+2 2
30 1
+1 1
-1 1
+1 1
+3 2
+5 1
+6 1
-7 1
+2 2
+2 1
-2 1
+2 1
+3 1
+5 8
+2 1
+1 2
-1 1010
+1 2020
+2 3628
+9 2010
+7 24
-2 24
+2 2259
-2 2211
+2 5750
-10 11175
+2 8940
+1 14318
+7 1011
-21 2022
+49 3
+1 1
+1 3
+3 2
+37 2
cob=(1)
cfi=(2)
cfn=(52) rtld_lock_default_unlock_recursive
calls=1 710 
* 2
+3 9
-28 1
+1 1
+21 2

fl=(95) /build/glibc-Cl5G7W/glibc-2.23/libio/ioputs.c
fn=(404) puts
33 24
+2 6
cfi=(96) /build/glibc-Cl5G7W/glibc-2.23/string/../sysdeps/x86_64/strlen.S
cfn=(406) strlen
calls=6 +31 
* 114
+1 6
-1 6
+1 102
+3 19
+1 4
cfi=(83) /build/glibc-Cl5G7W/glibc-2.23/libio/fileops.c
cfn=(408) _IO_file_xsputn@@GLIBC_2.2.5
calls=1 1287 
* 1058
* 20
cfi=(83)
cfn=(408)
calls=5 1287 
* 1122
* 12
+1 24
+1 24
fi=(97) /build/glibc-Cl5G7W/glibc-2.23/libio/libioP.h
866 12
fe=(95)
38 10
fi=(97)
867 48
fe=(95)
46 30
-5 12
cfi=(82) /build/glibc-Cl5G7W/glibc-2.23/libio/genops.c
cfn=(416) __overflow
calls=6 230 
* 840
* 12

fl=(79) /build/glibc-Cl5G7W/glibc-2.23/malloc/morecore.c
fn=(330) __default_morecore
46 2
+1 2
cfi=(80) /build/glibc-Cl5G7W/glibc-2.23/misc/sbrk.c
cfn=(332) sbrk
calls=2 -13 
* 73
+1 6
+4 4

fl=(89) /build/glibc-Cl5G7W/glibc-2.23/io/../sysdeps/unix/sysv/linux/wordsize-64/fxstat.c
fn=(376) _fxstat
34 2
-1 2
+1 2
+1 12
+4 2

fl=(69) /build/glibc-Cl5G7W/glibc-2.23/stdlib/cxa_atexit.c
fn=(268) __cxa_atexit
57 5
-22 1
+22 1
-22 1
cfn=(270) __new_exitfn
calls=1 +38 
* 38
+2 2
+4 1
+3 1
+1 1
-4 2
+2 1
+4 1
+1 1
+11 4

fn=(270)
73 2
+6 1
-6 1
+6 1
-6 1
+6 4
+2 6
+2 3
-2 1
+10 2
-10 2
+45 1
+1 1
+3 4
+3 5
-21 1
+1 2

fl=(87) /build/glibc-Cl5G7W/glibc-2.23/stdio-common/vfscanf.c
fn=(362) _IO_vfscanf
279 590
+11 59
-11 118
+11 118
+1 59
fi=(90) /build/glibc-Cl5G7W/glibc-2.23/stdio-common/../include/scratch_buffer.h
79 59
fe=(87)
291 59
fi=(90)
78 236
fe=(87)
341 354
+6 178
+3 295
+4 59
+20 59
-20 59
+20 59
-13 118
+6 59
+2 177
+5 59
-5 59
+5 354
2671 59
315 59
-30 59
-1 118
+95 59
2671 59
2215 118
334 118
-4 59
-1 59
-1 118
-1 59
-32 59
-12 59
2215 59
383 558
+37 390
+23 130
+1 130
-1 130
+1 130
+3 220
+7 18
+8 5
+2 5
+1 7
-1 3
+6 6
3024 472
fi=(90)
86 295
fe=(87)
3027 177
+3 118
+17 232
+6 531
449 296
347 116
+3 2
+24 354
3035 2
466 86
223 86
+1 172
489 344
-6 258
+24 172
+21 86
+7 86
-7 258
+10 860
+80 172
+5 172
-1 86
+1 86
+1 180
+3 41
+1 164
-1 82
+1 41
-1 41
+1 205
+6 492
+3 164
-3 164
+3 246
-3 164
+3 41
+1 82
+1 205
-1 41
+1 164
+4 41
-4 82
cfi=(82)
cfn=(394) _IO_sputbackc
calls=41 +34 
* 615
+4 328
-19 135
+19 360
-7 82
1374 4
507 774
288 56
3014 280
538 172
1404 369
+5 41
-5 41
+5 82
+9 205
1748 205
fi=(90)
114 164
fe=(87)
1739 356
+2 178
+5 534
+64 123
+7 123
+1 82
+28 246
cfi=(82)
cfn=(394)
calls=41 673 
* 615
* 41
261 82
+3 164
1850 82
+17 41
+1 123
-1 41
+1 41
-1 82
+1 41
cfi=(93) /build/glibc-Cl5G7W/glibc-2.23/stdlib/../stdlib/strtol.c
cfn=(396) __strtol_internal
calls=41 98 
* 4642
+6 123
+3 164
+2 82
+4 82
2458 123
1396 41
+1 41
-2 41
+2 41
643 40
+62 160
+3 120
+35 40
-35 80
+35 40
-35 40
+35 120
+3 314
+59 38
-59 38
+59 39
-59 1
+59 1
643 5
2462 10
+1 5
-1 10
+5 5
+6 5
-6 5
+2 5
+1 5
-1 5
+10 10
fi=(90)
132 5
fe=(87)
2479 5
fi=(90)
132 5
fe=(87)
2479 5
fi=(90)
132 5
fe=(87)
2479 5
fi=(90)
132 5
fe=(87)
2479 5
fi=(90)
132 5
cfi=(92) /build/glibc-Cl5G7W/glibc-2.23/malloc/scratch_buffer_set_array_size.c
cfn=(392) __libc_scratch_buffer_set_array_size
calls=5 30 
* 90
fe=(87)
2500 10
+6 210
+2 10
+1 30
+20 10
-11 60
+1 10
1202 39
-10 39
+10 39
-2 78
643 41
-4 82
1743 48
261 144
+3 144
1805 192
+2 480
-59 205
1441 123
+3 287
1820 136
2465 25
1885 82
2535 15
2766 40
2886 15
2766 5
2886 10
+10 39
+39 272
-49 102
+49 34
-49 68
+7 102
+3 34
-1 68
+1 68
-1 68
+43 10
+4 9
+42 3
-2 9
+2 3
+8 3
-10 3
+10 6
-2 6
245 156
805 117
+38 156
+2 78
1902 410
-15 82
+1 123
2465 80
1904 4
2940 19
-52 12
cfi=(82)
cfn=(394)
calls=3 673 
* 45
* 8
cfi=(82)
cfn=(394)
calls=2 673 
* 30
+1 5
746 4
cfi=(82)
cfn=(364) __uflow
calls=2 348 
* 488
* 8
+2 6
-5 560

fl=(94) /build/glibc-Cl5G7W/glibc-2.23/stdlib/../stdlib/strtol_l.c
fn=(398) ____strtol_l_internal
227 369
+26 82
+22 41
-1 41
+10 164
+9 246
+2 82
+5 82
+5 41
-6 41
+6 41
+4 82
+10 82
+10 123
526 328
326 82
-79 41
371 41
+64 164
+38 41
-18 41
-4 41
+22 41
-19 41
-3 41
+4 41
-4 41
+4 82
-4 82
-14 144
-4 96
+2 233
+44 82
+5 82
+1 41
+5 82
+3 123
-28 144
+3 218
+5 48
+1 192
+17 123
+17 82
348 164

fl=(84) /build/glibc-Cl5G7W/glibc-2.23/io/../sysdeps/unix/syscall-template.S
fn=(420) write
84 16
cfn=(422) __write_nocancel
calls=8 * 
* 40

fn=(350) __open_nocancel
84 5

fn=(384) read
84 4
cfn=(386) __read_nocancel
calls=2 * 
* 10

fn=(422)
84 40

fn=(348) open
84 2
cfn=(350)
calls=1 * 
* 5

fn=(386)
84 10

fl=(100) /build/glibc-Cl5G7W/glibc-2.23/string/../sysdeps/x86_64/strchr.S
fn=(434) strchrnul
24 52
+1 52
+1 52
+1 52
+1 52
+1 52
+1 52
+1 52
+1 52
+1 52
+1 52
+1 52
+1 52
+1 52
+1 52
+1 52
+1 52
+1 52
+2 52
+7 52

fl=(93)
fn=(396)
98 123
cfi=(94)
cfn=(398)
calls=41 227 
* 4519

fl=(50) /build/glibc-Cl5G7W/glibc-2.23/string/../sysdeps/x86_64/multiarch/strcspn.S
fn=(190) strpbrk
45 1
+1 1
+1 1
+1 1
+1 1
+1 1

fn=(186) strcspn
45 1
+1 1
+1 1
+1 1
+1 1
+1 1

fl=(103) /build/glibc-Cl5G7W/glibc-2.23/stdlib/exit.c
fn=(464) exit
104 1
-1 1
+1 2
cfn=(466) __run_exit_handlers
calls=1 -69 
* 1037

fn=(466)
35 8
+5 1
cfi=(104) /build/glibc-Cl5G7W/glibc-2.23/stdlib/cxa_thread_atexit_impl.c
cfn=(468) __call_tls_dtors
calls=1 145 
* 11
* 1
+6 8
+4 6
+3 1
-1 1
+2 5
+33 1
+1 1
-1 1
+1 1
+6 2
+1 5
cfi=(82)
cfn=(506) _IO_cleanup
calls=1 948 
* 392
* 3
+2 2
cfi=(108)
cfn=(516)
calls=1 -70 
* 5
-19 1
+4 1
-4 1
+2 1
+2 1
-2 2
+2 1
cob=(1)
cfi=(105) /build/glibc-Cl5G7W/glibc-2.23/elf/dl-fini.c
cfn=(470) _dl_fini
calls=1 +48 
* 573
+1 1

fl=(74) /build/glibc-Cl5G7W/glibc-2.23/malloc/malloc.c
fn=(306) malloc
2902 126
+5 84
+1 84
+3 328
+2 123
cfn=(324) _int_malloc
calls=41 3349 
* 6083
+3 41
-3 41
+3 41
+8 164
+2 451
+3 164
-18 246
-2 1
+20 3
-20 1
cfi=(75) /build/glibc-Cl5G7W/glibc-2.23/malloc/hooks.c
cfn=(308) malloc_hook_ini
calls=1 29 
* 59214

fn=(324)
3349 126
-30 84
+30 42
-30 168
+30 126
-30 42
+30 126
+4 126
+14 84
+2 117
+2 39
-1 39
-1 39
+1 39
+5 78
+29 84
+2 120
+1 120
+2 40
-2 40
+2 80
+2 2
+37 14
+1 4
+1 2
cfn=(326) malloc_consolidate
calls=1 4144 
* 651
3819 588
-2 42
+2 42
-2 42
+2 84
5002 42
3817 42
+2 42
5004 42
3819 42
5004 42
3819 126
5004 84
3819 168
5002 84
3469 210
3833 378
3603 84
+73 84
+1 84
+1 84
+1 84
+1 84
+5 84
+4 126
+3 164
-3 123
+3 160
-3 80
+3 117
3792 42
+3 42
-2 84
+2 84
+17 2
3605 6
+3 2
-3 2
+3 6
3448 3
1879 4
3827 3
cfn=(328) sysmalloc
calls=1 2268 
* 249
+1 2
-28 41
-3 41
+1 41
+2 41
-1 41
+1 82
+2 41
-2 164
+2 41
+3 41
1879 123

fn=(326)
4144 2
4996 4
1808 3
-3 2
+3 378
-3 252
+7 3
+5 1
+2 1
-2 2
-1 3

fn=(328)
2268 8
+20 1
+11 1
-11 1
+11 1
+1 5
fi=(76) /build/glibc-Cl5G7W/glibc-2.23/malloc/arena.c
488 3
fe=(74)
2315 5
+65 1
+1 3
+10 1
-9 1
+9 5
+6 4
+3 3
2723 2
+1 1
+8 4
+5 1
-3 1
+3 1
-2 1
+2 3
+1 1
-1 1
-1 1
+4 1
-3 2
+1 1
+8 9
2463 1
-8 4
+8 1
+21 5
cfi=(79)
cfn=(330)
calls=1 46 
* 62
* 1
+1 1
+3 4
+3 2
+1 2
+20 2
+26 2
+2 2
+6 1
-6 1
+6 1
2321 1
2464 1
+10 5
+8 1
-8 1
+8 1
+67 7
+37 2
+6 3
+19 1
+3 2
+1 5
+2 1
-2 1
+2 1
+1 3
cfi=(79)
cfn=(330)
calls=1 46 
* 25
+12 2
+8 1
+1 1
-1 2
+1 2
+39 1
+1 1
-2 1
+1 3
+12 1
-12 1
+1 1
+11 1
2539 5

fl=(86) /build/glibc-Cl5G7W/glibc-2.23/stdio-common/isoc99_fscanf.c
fn=(360) __isoc99_fscanf
26 590
+4 885
+3 59
-2 59
+3 236
-1 295
+1 59
cfi=(87)
cfn=(362)
calls=59 279 
* 33670
fi=(91) /build/glibc-Cl5G7W/glibc-2.23/stdio-common/../libio/libioP.h
875 59
+1 59
fe=(86)
34 59
fi=(91)
876 59
+1 472
fe=(86)
39 236

fl=(62) /build/glibc-Cl5G7W/glibc-2.23/string/../sysdeps/x86_64/cacheinfo.c
fn=(244) intel_check_word
133 8
+6 4
-7 20
+7 16
-7 4
+7 4
+2 4
-2 4
+2 4
+68 8
+3 24
-69 4
+2 8
-2 6
+2 12
+8 20
+51 16
+22 8
fi=(63) /build/glibc-Cl5G7W/glibc-2.23/string/../bits/stdlib-bsearch.h
27 8
+1 16
+3 16
+1 8
fe=(62)
+89 16
fi=(63)
-90 12
+1 6
fe=(62)
+89 12
+3 54
fi=(63)
-95 44
+2 44
-2 44
+2 80
+1 40
fe=(62)
+89 80
251 8
141 16
-6 2
256 24
fi=(63)
37 10
-8 24
fe=(62)
165 6
+3 6
+4 4
+2 4
+1 14
+2 7
-12 2
+12 2
+1 10
+1 10
+1 6
+17 3
-32 9
+3 9
+4 6
+2 6
+1 12
+2 12
+5 2
+2 4
+2 32

fn=(240) init_cacheinfo
482 2
+12 1
-12 3
+12 3
+2 4
cfn=(242) handle_intel
calls=1 262 
* 455
+4 2
-4 1
+4 1
cfn=(242)
calls=1 262 
* 547
+2 1
-2 1
-1 1
+3 1
+9 2
+2 1
+1 1
+2 1
+5 2
+9 4
-9 4
+9 16
-9 12
+6 8
+69 4
+1 5
+55 2
+2 1
+1 1
+2 1
-3 1
+5 1
-5 1
+4 3
+4 2
+2 1
+1 1
+2 1
-3 1
+5 1
-5 1
+4 2
+3 1
-3 1
+3 5
532 1
+32 1
-26 6
+7 5
+2 1
+1 1
+1 2
-4 4
+2 1
+1 1
+1 6
+2 2
-6 2
+6 2
+5 1
+2 2
+1 1
-1 1
+1 3
+6 1
-1 1
+1 5

fn=(242)
262 4
-1 4
+17 2
-17 12
+14 2
+1 4
-3 6
+23 8
cfn=(244)
calls=2 133 
* 666
+1 4
+3 10
cfn=(244)
calls=2 133 
* 238
+1 4
-17 4
+5 2
-5 6
+5 2
+2 2
+1 2
-1 4
+27 16

fl=(104)
fn=(468)
145 3
+1 4
+18 4

fl=(88) /build/glibc-Cl5G7W/glibc-2.23/libio/filedoalloc.c
fn=(372) _IO_file_doallocate
95 10
+15 12
cfi=(83)
cfn=(374) _IO_file_stat
calls=2 1229 
* 28
* 4
+2 8
+11 6
+4 4
cob=(2) ???
cfi=(16) ???
cfn=(304) 0x0000000004c498a0
calls=2 0 
* 366
* 2
+2 2
-1 4
+2 8
cfi=(82)
cfn=(378) _IO_setb
calls=2 380 
* 36
+1 2
+1 10
-15 1
-2 9
+5 2

fl=(47) /build/glibc-Cl5G7W/glibc-2.23/time/../sysdeps/unix/sysv/linux/x86/time.c
fn=(180) time
38 1
-1 1
+1 6
fi=(48) /build/glibc-Cl5G7W/glibc-2.23/time/../sysdeps/generic/dl-hash.h
+10 3
+14 4
-17 3
+3 9
+14 12
-17 9
fe=(47)
-7 3
+3 2
-3 1
+3 1
cfi=(49) /build/glibc-Cl5G7W/glibc-2.23/elf/../sysdeps/unix/sysv/linux/dl-vdso.c
cfn=(184) _dl_vdso_vsym
calls=1 -14 
* 6
+1 3
+1 2

fl=(68) /build/glibc-Cl5G7W/glibc-2.23/csu/../csu/libc-start.c
fn=(266) (below main)
134 7
+4 1
-4 3
+4 3
+82 1
-82 1
+82 1
+1 4
cfi=(69)
cfn=(268)
calls=1 57 
* 60
+22 4
+3 2
+1 5
cob=(5) /home/migueljr/Documentos/ccomp/3sem/ED2/exec
cfi=(65) ???
cfn=(272) __libc_csu_init
calls=1 0 
* 56
+4 4
+15 2
+12 2
cfi=(70) /build/glibc-Cl5G7W/glibc-2.23/setjmp/../sysdeps/x86_64/bsd-_setjmp.S
cfn=(286) _setjmp
calls=1 30 
* 30
+1 2
+5 2
+1 2
+3 2
+3 6
cob=(5)
cfi=(65)
cfn=(292) main
calls=1 0 
* 142433
+34 2
cfi=(103)
cfn=(464)
calls=1 104 
* 1041
138 2

fl=(75)
fn=(308)
29 4
fi=(76)
260 1
fe=(75)
30 1
fi=(76)
260 1
fe=(75)
30 1
fi=(76)
260 1
fi=(74)
2911 7
+2 3
cfn=(324)
calls=1 3349 
* 1035
+3 1
-3 1
+3 1
+8 4
+2 11
fe=(75)
33 4
fi=(74)
2911 6
+12 1
cfi=(76)
cfn=(312) ptmalloc_init.part.5
calls=1 258 
* 58128
* 1
-15 2
fe=(75)

fl=(52) /build/glibc-Cl5G7W/glibc-2.23/time/../sysdeps/unix/sysv/linux/x86/gettimeofday.c
fn=(194) gettimeofday
37 1
-1 1
+1 6
fi=(48)
+11 3
+14 4
-17 3
+3 9
+14 12
-17 9
fe=(52)
-8 3
+3 2
-3 1
+3 1
cfi=(49)
cfn=(184)
calls=1 -13 
* 6
+1 3
+1 2

fl=(82)
fn=(366) _IO_default_uflow
413 2
-1 4
+1 2
cfi=(83)
cfn=(368) _IO_file_underflow@@GLIBC_2.2.5
calls=2 539 
* 416
+1 4
+2 4
+1 4

fn=(414) _IO_default_xsputn
425 4
-3 20
+8 92
+25 151
cfi=(83)
cfn=(410) _IO_file_overflow@@GLIBC_2.2.5
calls=21 808 
* 693
* 42
+2 21
-2 42
+4 2
+1 2
-1 2
+1 10

fn=(370) _IO_doallocbuf
395 4
-1 6
+3 8
+1 6
cfi=(88)
cfn=(372)
calls=2 95 
* 514
* 4
+3 8

fn=(378)
380 6
+1 8
+3 2
+2 8
-3 2
+3 4
+3 6

fn=(506)
948 2
+3 1
-3 2
-50 1
+50 1
+3 1
cfn=(508) _IO_flush_all_lockp
calls=1 760 
* 110
-63 1
+63 1
-63 2
+10 6
+8 10
+2 4
+2 2
+1 2
-1 2
+2 4
+3 10
cfi=(83)
cfn=(510) _IO_file_setbuf@@GLIBC_2.2.5
calls=2 450 
* 132
+2 6
+4 4
+7 4
-40 12
+2 8
+2 11
+6 24
+65 7
-42 6
+1 16

fn=(342) _IO_link_in
98 6
-1 2
+3 2
-3 1
+5 1
-2 1
+2 5
+1 10
+2 1
-2 1
+1 1
+1 1
-2 1
+2 1
-2 1
+2 13
+2 1
-2 1
+4 1
+2 1
-3 1
-1 1
+4 7
+2 1
-1 1
+1 8
+1 2
+3 5
-6 7

fn=(380) _IO_switch_to_get_mode
176 4
-1 4
+1 2
+3 6
+5 2
-1 4
+1 2
+7 2
-4 2
+2 4
+2 2
+1 2
+1 4

fn=(416)
230 18
+2 18
cfi=(83)
cfn=(410)
calls=6 808 
* 804

fn=(512) _IO_default_setbuf
522 8
+1 2
-1 4
+1 2
cfi=(83)
cfn=(514) _IO_file_sync@@GLIBC_2.2.5
calls=2 868 
* 26
* 4
+9 2
-7 2
+7 2
-7 2
388 2
-5 2
+1 2
+4 2
535 2
+2 2
-2 4
+1 6
+2 8
381 2
527 2
+1 2
-1 2
+1 2
381 8

fn=(364)
348 2
+2 6
+6 12
+3 4
+2 4
+6 4
+7 4
+1 2
-1 4
cfn=(366)
calls=2 +39 
* 436
-24 4
+22 6

fn=(338) _IO_old_init
586 1
-16 1
+1 1
+15 1
+5 1
-21 1
+2 1
+1 1
+1 1
+17 1
-16 1
+1 1
+1 1
+1 1
+1 1
+1 1
+2 1
+1 1
+1 1
+1 1
+6 1
+1 4

fn=(394)
673 87
+3 87
-3 87
+3 174
+1 348
+9 87
+3 174
-10 261

fn=(508)
760 8
+6 3
+11 2
+16 3
-17 3
-1 3
+1 4
-1 1
+1 1
+3 12
+10 8
+4 4
-2 4
+2 8
+7 4
-27 8
+31 2
+2 2
+4 9
-38 1
-6 1
+5 1
+2 2
+6 16

fn=(336) _IO_no_init
599 9
+1 1
cfn=(338)
calls=1 -14 
* 25
+3 1
-2 1
+2 1
+2 1
+1 1
+1 1
+1 1
+1 1
+1 1
+1 1
+1 1
+1 1
+1 1
+1 1
+1 1
+2 1
+7 1
+1 6

fl=(101) /build/glibc-Cl5G7W/glibc-2.23/stdio-common/_itoa.c
fn=(436) _itoa_word
168 124
+2 62
+9 518
+9 62

fl=(61) /build/glibc-Cl5G7W/glibc-2.23/ctype/ctype-info.c
fn=(238) __ctype_init
31 5
+2 1
+2 1
-4 1
+4 1
-4 1
+2 3
+2 3

fl=(56) /build/glibc-Cl5G7W/glibc-2.23/csu/../csu/init-first.c
fn=(228) _init
52 8
+6 3
+14 1
fi=(58) /build/glibc-Cl5G7W/glibc-2.23/csu/../sysdeps/unix/sysv/linux/x86_64/init-first.c
-36 1
fe=(56)
+34 1
+1 1
fi=(58)
-35 3
fe=(56)
+36 1
fi=(58)
-36 3
fi=(57) /build/glibc-Cl5G7W/glibc-2.23/csu/../sysdeps/generic/dl-hash.h
+12 3
+14 4
-17 3
+3 9
+14 12
-17 9
fi=(58)
-9 3
+2 2
-2 1
+2 2
cfi=(49)
cfn=(184)
calls=1 -11 
* 6
+1 2
+5 2
-3 2
+1 1
+2 1
cfi=(49)
cfn=(184)
calls=1 -17 
* 6
fe=(56)
+42 3
fi=(58)
-41 2
+1 1
fe=(56)
+40 1
cfi=(59) /build/glibc-Cl5G7W/glibc-2.23/misc/init-misc.c
cfn=(234) __init_misc
calls=1 -55 
* 48
+8 1
cfi=(61)
cfn=(238)
calls=1 -63 
* 16
+5 6
-34 1
-7 1
+7 4
fi=(58)
-25 2
fe=(56)

fl=(92)
fn=(392)
30 5
-5 10
+5 5
-4 5
-1 5
+5 5
-5 5
+1 5
+4 10
+28 20
-18 5
+1 5
-1 5

fl=(51) /build/glibc-Cl5G7W/glibc-2.23/string/../sysdeps/x86_64/multiarch/strspn.S
fn=(192) strspn
30 1
+1 1
+1 1
+1 1
+1 1
+1 1

fl=(53) ???
fn=(198) memcpy@GLIBC_2.2.5
0 11

fl=(106) /build/glibc-Cl5G7W/glibc-2.23/stdlib/cxa_finalize.c
fn=(492) __cxa_finalize
31 4
+17 1
-17 4
+4 4
+4 6
-4 3
+32 4
+4 6
-4 3
+12 2
+3 1
-2 1
+2 6
-2 1
cfi=(107) /build/glibc-Cl5G7W/glibc-2.23/nptl/unregister-atfork.c
cfn=(494) __unregister_atfork
calls=1 -52 
* 10

fl=(85) /build/glibc-Cl5G7W/glibc-2.23/string/../string/strstr.c
fn=(352) __GI_strstr
53 7
+10 3
+2 2
+1 1
+23 8
-26 1
-5 2

fl=(49)
fn=(184)
27 8
+4 8
-3 8

fl=(83)
fn=(510)
450 4
+1 2
cfi=(82)
cfn=(512)
calls=2 +71 
* 102
* 4
+4 4
-1 4
+2 6
+2 2
+1 4

fn=(340) _IO_file_init@@GLIBC_2.2.5
144 2
+4 1
-4 2
+5 1
-1 1
+3 1
cfi=(82)
cfn=(342)
calls=1 -53 
* 81
+1 1
+1 4

fn=(346) _IO_file_open
214 6
+3 2
+8 2
+3 2
+3 1
-3 1
-1 1
+1 2
+3 1
-3 1
+3 1
+10 2
cfi=(82)
cfn=(342)
calls=1 98 
* 4
+1 1
+1 4
-22 4
cfi=(84)
cfn=(348)
calls=1 84 
* 7
* 3

fn=(374)
1229 2
+1 6
cfi=(89)
cfn=(376)
calls=2 34 
* 20

fn=(418) _IO_file_write@@GLIBC_2.2.5
1258 8
-2 48
+2 32
+4 16
+1 16
+10 24
+3 48
-13 32
cfi=(84)
cfn=(420)
calls=8 84 
* 56
+1 16
+5 8
+1 8
-12 40

fn=(368)
539 6
+6 6
-14 8
+17 4
+13 4
+20 4
cfi=(82)
cfn=(380)
calls=2 176 
* 40
+6 2
+5 8
-5 4
+1 2
+2 2
-1 4
+3 2
cfn=(382) _IO_file_read
calls=2 1216 
* 22
+2 4
+16 1
-9 1
+9 2
+2 2
+1 4
-16 1
-1 1
+1 2
+10 1
+6 1
-5 1
+5 3
-62 3
+5 2
cfi=(82)
cfn=(370)
calls=1 395 
* 267
* 2

fn=(408)
1287 89
-1 178
-6 770
+13 308
+17 4
+4 76
+5 304
cfi=(102) /build/glibc-Cl5G7W/glibc-2.23/string/../sysdeps/x86_64/memcpy.S
cfn=(438) __GI_mempcpy
calls=76 61 
* 1391
* 76
+6 76
-1 76
+1 152
+2 152
+27 154
+1 628
-24 5
cfn=(410)
calls=1 808 
* 337
* 2
+6 6
+1 9
+2 9
+11 6
+1 8
cfi=(82)
cfn=(414)
calls=2 425 
* 1081
* 4
-57 228
+1 152
+3 228
+2 427
-2 428
+39 12
-35 2
+11 10
+17 8
cfn=(410)
calls=2 808 
* 232
* 4

fn=(382)
1216 8
cfi=(84)
cfn=(384)
calls=2 84 
* 14

fn=(410)
808 90
+7 30
-8 150
+8 146
+35 60
+3 54
+3 81
+1 81
+1 108
+4 27
+1 108
-45 2
+12 2
+9 4
+8 1
-4 1
+3 2
-2 2
-3 1
+1 2
+5 1
-1 1
+1 3
+1 2
+12 6
-1 24
cfn=(412) _IO_do_write@@GLIBC_2.2.5
calls=6 494 
* 564
* 12
-8 6
+12 9
-12 3
cfn=(412)
calls=3 494 
* 192
-31 2
cfi=(82)
cfn=(370)
calls=1 395 
* 283
+1 6

fn=(514)
868 2
+5 2
-5 2
+5 6
+2 2
+1 4
+17 4
+4 4

fn=(412)
494 27
+1 1
-3 64
+11 16
+7 32
+8 40
cfn=(418)
calls=8 1258 
* 352
* 8
+1 40
+6 8
-4 8
+4 8
-4 24
+1 16
+3 8
-2 8
-29 32
+1 48
+29 16

fn=(344) _IO_file_fopen@@GLIBC_2.2.5
249 7
+11 2
+2 3
+25 12
+41 6
cfn=(346)
calls=1 214 
* 45
+3 1
-3 1
+3 1
+17 3
cfi=(85)
cfn=(352)
calls=1 53 
* 24
+1 1
-1 1
+1 1
-83 1
-1 1
-15 2
425 1
-76 1
+76 7

fl=(107)
fn=(494)
28 4
+8 1
+3 2
+82 3

fl=(59)
fn=(234)
31 2
-1 3
+1 4
+2 3
cfi=(60)
cfn=(236)
calls=1 -9 
* 24
+4 5
+1 3
+2 4

fl=(96)
fn=(406)
66 6
+1 6
+1 6
+1 6
+1 6
+1 6
+1 6
+2 6
+2 6
+30 6
+1 6
+1 6
+1 6
+1 6
+1 5
+1 5
+4 1
+1 1
+1 1
+1 1
+1 1
+1 1
+1 1
+1 1
+1 1
+1 1
+1 1
+1 1
+5 8

fl=(76)
fn=(312)
258 6
+13 1
-8 1
+8 1
+6 3
+2 5
+16 2
-56 68
-18 207
+2 136
+1 2
+1 2
340 2
+6 2
+1 2
+2 1
+1 7
-78 5
cfi=(77)
cfn=(314)
calls=1 126 
* 57669
* 2
+1 4

fl=(80)
fn=(332)
34 2
+8 2
-8 6
+8 9
+4 4
+4 6
+12 5
-19 2
cfi=(81) /build/glibc-Cl5G7W/glibc-2.23/misc/../sysdeps/unix/sysv/linux/x86_64/brk.c
cfn=(334) brk
calls=1 -12 
* 12
* 4
+15 2
cfi=(81)
cfn=(334)
calls=1 -27 
* 12
* 2
+4 5

fl=(81)
fn=(334)
31 16
+8 2
-6 4
+7 2

fl=(98) /build/glibc-Cl5G7W/glibc-2.23/stdio-common/printf.c
fn=(430) printf
28 168
+4 21
+1 42
-1 105
+1 63
cfi=(99) /build/glibc-Cl5G7W/glibc-2.23/stdio-common/vfprintf.c
cfn=(432) vfprintf
calls=21 1236 
* 16120
+4 42

fl=(73) /build/glibc-Cl5G7W/glibc-2.23/libio/iofopen.c
fn=(354) __fopen_maybe_mmap
41 1
-2 1
+2 1
+15 1

fn=(302) __fopen_internal
61 6
+8 1
-8 2
+8 1
cob=(2)
cfi=(16)
cfn=(304)
calls=1 -69 
* 59227
+2 3
+3 1
+3 4
-3 1
+3 2
cfi=(82)
cfn=(336)
calls=1 599 
* 58
+4 1
+1 1
-1 1
+1 1
cfi=(83)
cfn=(340)
calls=1 +62 
* 94
+4 5
cfi=(83)
cfn=(344)
calls=1 249 
* 121
* 1
+1 1
-1 1
+6 5
-5 1
cfn=(354)
calls=1 -46 
* 4

fn=(300) fopen@@GLIBC_2.2.5
97 2
cfn=(302)
calls=1 -36 
* 59543

fl=(71) /build/glibc-Cl5G7W/glibc-2.23/setjmp/../sysdeps/x86_64/setjmp.S
fn=(288) __sigsetjmp
26 1
+9 1
+1 2
+1 1
+4 1
+1 1
+1 1
+1 1
+1 1
+2 2
+2 1
+1 1
+1 1
+2 2
+2 1
+9 1
cfi=(72) /build/glibc-Cl5G7W/glibc-2.23/setjmp/sigjmp.c
cfn=(290) __sigjmp_save
calls=1 -36 
* 9

fl=(64) /build/glibc-Cl5G7W/glibc-2.23/elf/dl-altinit.c
fn=(248) dlinit_alt
33 3
+1 1

fl=(70)
fn=(286)
30 1
+2 1
cfi=(71)
cfn=(288)
calls=1 -6 
* 28

fl=(99)
fn=(432)
1236 168
+31 63
+8 63
+4 105
+11 105
+11 21
fi=(109) /build/glibc-Cl5G7W/glibc-2.23/stdio-common/printf-parse.h
108 63
fe=(99)
1316 21
-15 105
fi=(109)
108 21
cfi=(100)
cfn=(434)
calls=21 -84 
* 420
fe=(99)
1316 21
fi=(109)
108 21
fe=(99)
1312 21
+4 42
+4 168
cfi=(83)
cfn=(408)
calls=21 -33 
* 764
* 84
1685 105
+3 21
+1 168
1275 42
+41 126
+1 294
1685 105
+1 42
1320 42
+4 21
-4 21
+4 42
+4 252
1552 42
-21 42
1632 42
-1 42
1370 465
-7 31
-1 31
-3 31
-1 31
+8 31
+4 31
-3 31
-10 31
-1 31
-1 31
-1 31
-1 31
+14 31
-15 31
-1 31
-1 31
-1 31
+18 62
1649 31
+2 62
+8 31
fi=(109)
108 62
fe=(99)
1659 31
fi=(109)
108 31
fe=(99)
1659 31
fi=(109)
108 62
cfi=(100)
cfn=(434)
calls=31 -84 
* 620
fe=(99)
1663 31
-4 31
+4 341
cfi=(83)
cfn=(408)
calls=31 1287 
* 2421
* 403
+2 83
-34 1809
cfi=(83)
cfn=(408)
calls=31 1287 
* 2267
* 310
+1 62
-1 372
cfi=(101)
cfn=(436)
calls=31 168 
* 766
* 1484

fl=(72)
fn=(290)
28 1
+1 1
-1 2
+1 2
+5 3

fl=(102)
fn=(438)
61 76
+4 76
+3 76
+1 76
+2 56
+1 56
+2 56
+1 56
+5 56
+1 56
-1 20
+1 20
+2 19
+1 19
+2 19
+1 19
+5 19
+1 19
-1 57
+1 57
+2 2
+1 2
+2 2
+1 2
+5 2
+1 2
-1 74
+1 74
+2 2
+1 2
+2 2
+1 4
+5 2
+1 2
-1 74
+1 75
+5 1
+1 1
+1 1
+1 1
+2 1
+2 1
+1 1
+2 1
+6 76
+4 76

ob=(2)
fl=(16)
fn=(482) 0x0000000000401a94
0 3

fn=(274) 0x0000000000400560
0 6

fn=(490) 0x0000000004a28570
0 1
cob=(3)
cfi=(106)
cfn=(492)
calls=1 31 
0 56

fn=(504) 0x0000000004a287b8
0 3

fn=(82) 0x0000000004000ab0
0 1
cob=(1)
cfi=(17) /build/glibc-Cl5G7W/glibc-2.23/elf/dl-minimal.c
cfn=(84) free
calls=1 120 
0 6

fn=(216) 0x0000000004a28530
0 6

fn=(304)
0 3
cob=(3)
cfi=(74)
cfn=(306)
calls=3 2902 
0 59590

ob=(4) /usr/lib/valgrind/vgpreload_core-amd64-linux.so
fl=(55) ???
fn=(484) 0x0000000000000610
0 8
cob=(2)
cfi=(16)
cfn=(490)
calls=1 0 
0 57
0 1
cfn=(498) 0x0000000000000580
calls=1 0 
0 9
0 3

fn=(498)
0 9

fn=(220) 0x0000000000000650
0 17

ob=(1)
fl=(28) /build/glibc-Cl5G7W/glibc-2.23/string/strdup.c
fn=(80) strdup
40 12
+1 3
cfi=(11) /build/glibc-Cl5G7W/glibc-2.23/string/../sysdeps/x86_64/strlen.S
cfn=(22) strlen
calls=3 +25 
* 84
* 3
+1 6
cfi=(17)
cfn=(40) malloc
calls=3 +52 
* 87
* 3
+2 6
+4 3
-1 6
+1 6
-1 6
cfi=(18) /build/glibc-Cl5G7W/glibc-2.23/string/../sysdeps/x86_64/multiarch/../memcpy.S
cfn=(46) memcpy
calls=3 +14 
* 106

fl=(67) /build/glibc-Cl5G7W/glibc-2.23/elf/../elf/dl-runtime.c
fn=(262) _dl_fixup
66 14
+5 14
-5 7
+3 14
+3 7
-1 14
-3 7
+5 42
+1 7
-1 7
+1 14
+5 14
+4 14
+4 21
+4 7
+1 35
+2 28
+7 14
-1 7
+1 7
+10 63
cfi=(6) /build/glibc-Cl5G7W/glibc-2.23/elf/dl-lookup.c
cfn=(172) _dl_lookup_symbol_x
calls=7 806 
* 5631
* 7
+4 35
+10 42
+16 7
-8 7
+8 21
+4 21
fi=(5) /build/glibc-Cl5G7W/glibc-2.23/elf/../sysdeps/x86_64/dl-machine.h
+90 7
fe=(67)
-86 21

fl=(26) /build/glibc-Cl5G7W/glibc-2.23/string/../sysdeps/x86_64/multiarch/../memset.S
fn=(72) memset
53 13
+1 13
+1 13
+1 13
+1 13
+2 13
+1 13
+1 11
+1 11
+15 2
+1 2
+1 2
+1 2
+1 2
+1 2
+1 2
+1 2
+1 2
+1 2
+1 2
+1 2
+1 2
+1 4
+3 2
+1 2
+1 2
+1 2
+1 2
+1 2
+1 2
-6 34
+1 34
+1 34
+1 34
+1 34
+1 34
+1 34
+1 2
+3 11
+1 11
+1 11
+1 4
+1 4
+1 2
+1 2
+3 2
+1 2
+1 2
+1 2
+2 2
+1 2
+1 2
+2 7
+1 7
+1 7

fl=(36) /build/glibc-Cl5G7W/glibc-2.23/io/../sysdeps/unix/sysv/linux/wordsize-64/fxstat.c
fn=(120) _fxstat
34 3
-1 3
+1 3
+1 18
+4 3

fl=(39) /build/glibc-Cl5G7W/glibc-2.23/misc/../sysdeps/unix/syscall-template.S
fn=(126) mprotect
84 24
+1 6

fn=(208) munmap
84 4
+1 1

fl=(23) /build/glibc-Cl5G7W/glibc-2.23/elf/dl-hwcaps.c
fn=(66) _dl_important_hwcaps
39 6
+3 1
-3 2
+3 1
-1 1
+1 1
+9 1
-12 4
+12 2
+10 4
162 2
-47 3
cfi=(24) /build/glibc-Cl5G7W/glibc-2.23/io/../sysdeps/unix/syscall-template.S
cfn=(68) access
calls=1 -31 
* 9
* 2
+55 3
+2 2
+1 5
+4 2
+4 1
-4 1
+1 1
+3 1
+3 1
+1 1
-1 1
+4 3
+1 1
-1 9
+1 1
+18 10
+1 2
-1 1
+1 3
cfi=(17)
cfn=(40)
calls=1 94 
* 29
* 1
+1 1
-1 1
+1 5
+29 1
+3 1
-3 2
+3 1
+23 7
+6 2
-1 2
+1 6
-1 8
+5 6
+3 1
-3 1
+3 1
-3 3
+3 1
-3 1
+3 5
+1 12
+1 4
-1 4
+1 8
-2 4
+1 8
-1 14
+4 4
+4 1
-1 1
+2 1
-2 1
+1 1
+1 1
-2 1
+2 10
+13 2
+1 1
-1 1
+3 2
-3 2
+1 1
-1 1
+3 2
+3 4
+3 1
-1 1
+1 9
113 1
+17 1
+1 1
-1 9
243 6
cfi=(25) /build/glibc-Cl5G7W/glibc-2.23/string/../sysdeps/x86_64/memcpy.S
cfn=(70) mempcpy
calls=1 61 
* 22
* 4
cfi=(25)
cfn=(70)
calls=1 61 
* 18
+1 4
cfi=(25)
cfn=(70)
calls=1 61 
* 22
* 4
cfi=(25)
cfn=(70)
calls=1 61 
* 18
* 12

fl=(11)
fn=(22)
66 13
+1 13
+1 13
+1 13
+1 13
+1 13
+1 13
+2 13
+2 13
+30 12
+1 12
+1 12
+1 12
+1 12
+1 6
+1 6
+4 6
+1 6
+1 6
+1 6
+1 6
+1 6
+1 6
+1 6
+1 6
+1 6
+1 6
+1 6
+5 48
+4 1
+1 14
+1 8

fl=(22) /build/glibc-Cl5G7W/glibc-2.23/elf/dl-load.c
fn=(76) fillin_rpath
444 7
+2 1
-2 9
+4 3
cfi=(17)
cfn=(78) strsep
calls=1 -94 
* 238
* 3
cfi=(17)
cfn=(78)
calls=1 -94 
* 6
* 6
+7 2
+35 15
+1 8
+55 2
+2 2
cob=(2)
cfi=(16)
cfn=(82)
calls=1 0 
* 7
* 1
-39 2
+4 2
-1 4
cfi=(17)
cfn=(40)
calls=1 94 
* 29
* 1
+3 1
-3 1
+3 2
+5 1
+1 2
-2 1
+2 1
cfi=(25)
cfn=(70)
calls=1 61 
* 31
+3 1
-3 1
+1 1
+2 1
+6 2
+1 1
-1 2
+1 13
+1 11
-1 2
+3 2
+1 3
+7 1
+1 1
-1 2
383 3
cfi=(27) /build/glibc-Cl5G7W/glibc-2.23/string/../sysdeps/x86_64/multiarch/../strchr.S
cfn=(74) index
calls=1 24 
* 23
* 2
+4 2
cfi=(28)
cfn=(80)
calls=1 40 
* 94
* 1
+74 2
+5 2
cfi=(11)
cfn=(22)
calls=1 66 
* 16
+1 2
+7 6
+9 1
-4 3
+4 2
+26 2
+43 1
+3 9
-15 2
-9 2
-57 2

fn=(114) _dl_map_object_from_fd
893 22
+10 2
-10 2
+10 2
-10 6
+10 2
cfi=(29) /build/glibc-Cl5G7W/glibc-2.23/elf/dl-debug.c
cfn=(86) _dl_debug_initialize
calls=2 50 
* 16
fi=(35) /build/glibc-Cl5G7W/glibc-2.23/elf/../sysdeps/posix/dl-fileid.h
37 6
fe=(22)
903 2
fi=(35)
37 2
cfi=(36)
cfn=(120)
calls=2 -3 
* 20
* 4
+4 2
fe=(22)
919 2
fi=(35)
40 2
+1 2
fe=(22)
919 29
+1 10
fi=(35)
49 12
fe=(22)
1465 16
937 4
+24 4
+10 4
+22 8
+32 4
904 2
1028 14
cfi=(15) /build/glibc-Cl5G7W/glibc-2.23/elf/dl-object.c
cfn=(32) _dl_new_object
calls=2 61 
* 882
+1 2
-1 2
+1 2
+11 4
+1 2
-1 2
+2 2
-1 2
+4 2
-1 4
-2 2
+2 4
+1 6
+1 2
+19 2
-2 2
+10 2
-8 12
+8 2
-8 6
+8 2
+87 2
+8 2
-8 8
+8 2
-8 6
-86 32
-1 136
+1 95
+6 4
+1 6
+1 2
+9 20
+5 32
+9 12
-1 12
+1 4
+1 8
+2 4
-2 4
+1 4
-1 4
+3 4
+4 4
-7 4
+2 4
+1 4
+4 4
+1 12
+4 6
-14 2
+14 12
+11 2
-11 6
-14 2
+14 12
+11 2
-44 2
+1 1
+46 3
+4 1
+1 1
+1 1
-1 2
+1 1
+3 3
+1 1
+3 1
-3 1
+7 4
+6 1
cfi=(30) /build/glibc-Cl5G7W/glibc-2.23/elf/dl-tls.c
cfn=(148) _dl_next_tls_modid
calls=1 49 
* 8
* 2
+1 1
+59 4
+1 6
+1 2
-6 4
+1 2
+8 6
1041 2
1229 2
1041 2
1229 2
+10 6
fi=(38) /build/glibc-Cl5G7W/glibc-2.23/elf/./dl-map-segments.h
56 4
fe=(22)
1239 6
fi=(38)
56 2
fe=(22)
1239 2
fi=(38)
56 2
fe=(22)
1239 4
fi=(38)
56 12
cfi=(37) /build/glibc-Cl5G7W/glibc-2.23/misc/../sysdeps/unix/sysv/linux/wordsize-64/mmap.c
cfn=(122) mmap
calls=2 -23 
* 70
+4 2
-4 2
+4 4
+3 4
+1 2
+2 2
-2 2
-1 2
+3 2
+10 4
fi=(40) /build/glibc-Cl5G7W/glibc-2.23/elf/./dl-load.h
+14 8
+1 6
+2 8
fi=(38)
+7 16
+6 2
+2 2
-2 2
+1 2
+2 2
-1 2
+1 2
-1 6
+8 4
+17 4
+12 4
-59 20
+2 4
+2 2
-2 4
+2 20
cfi=(37)
cfn=(122)
calls=2 -57 
* 62
* 6
fe=(22)
1251 8
+9 4
fi=(3) /build/glibc-Cl5G7W/glibc-2.23/elf/get-dynamic-info.h
39 2
fe=(22)
1260 2
fi=(3)
39 2
+6 2
-2 2
+2 4
+15 2
+5 2
+3 2
-1 2
-3 2
-3 36
+10 8
-26 24
+16 35
+10 35
-26 105
+26 2
-26 6
+2 90
+13 40
+2 8
+3 8
+13 4
+20 7
+1 8
+1 8
+1 8
+2 8
+5 8
+1 7
+1 8
+6 6
+5 4
+7 4
+1 6
+16 6
+5 1
+2 1
-2 1
+2 1
+2 2
+2 2
+3 6
+10 1
-8 4
+8 1
+5 2
+3 4
fe=(22)
1267 4
+15 6
+19 4
+2 10
+54 6
+1 2
+3 2
cfi=(24)
cfn=(132) close
calls=1 84 
* 5
* 2
cfi=(24)
cfn=(132)
calls=1 84 
* 5
* 4
+9 4
+2 6
+2 2
-2 2
+2 2
+16 4
cfi=(6)
cfn=(10) _dl_setup_hash
calls=2 956 
* 46
+4 4
+1 4
+17 4
+9 2
-5 6
+5 2
+10 4
+10 6
cfi=(15)
cfn=(48) _dl_add_to_namespace_list
calls=2 32 
* 82
+4 8
fi=(3)
68 8
+2 10
fe=(22)
1413 2
fi=(38)
119 4
+8 16
cfi=(26)
cfn=(72)
calls=2 -74 
* 283
* 8
-54 8
-1 12
cfi=(39)
cfn=(126)
calls=2 +12 
* 10
* 2
fi=(40)
+22 5
+1 11
+3 4
fi=(38)
+39 9
cfi=(37)
cfn=(122)
calls=1 33 
* 31
+3 3
fe=(22)
1255 2

fn=(104) _dl_map_object
2189 21
+8 3
-8 6
+8 3
+1 12
+3 42
+5 49
+2 21
cfi=(34) /build/glibc-Cl5G7W/glibc-2.23/elf/dl-misc.c
cfn=(106) _dl_name_match_p
calls=7 288 
* 944
* 14
+4 12
+1 18
+3 2
+2 8
cfi=(19) /build/glibc-Cl5G7W/glibc-2.23/string/../sysdeps/x86_64/multiarch/../strcmp.S
cfn=(54) strcmp
calls=2 144 
* 48
* 4
2500 24
2235 10
+9 2
-53 2
+53 4
+36 4
-2 2
+2 2
cfi=(27)
cfn=(74)
calls=2 24 
* 46
* 4
2431 2
383 3
cfi=(27)
cfn=(74)
calls=1 24 
* 47
* 2
+4 2
cfi=(28)
cfn=(80)
calls=1 40 
* 128
2432 1
-3 1
+3 2
+4 9
cfn=(108) open_verify.constprop.7
calls=1 1717 
* 299
+3 1
-3 1
+3 3
+12 3
+46 1
+1 3
-1 1
+1 9
cfn=(114)
calls=1 893 
* 1444
-1 1
+1 3
-1 1
+1 9
cfn=(114)
calls=1 893 
* 1789
* 6
2284 2
cfi=(11)
cfn=(22)
calls=1 66 
* 16
* 1
+2 1
-2 1
+2 1
+7 4
+35 2
+1 14
cfn=(138) open_path
calls=1 2040 
* 777
+6 2
-6 1
+6 3
666 1
2336 1
666 2
2423 2
+28 3
+2 4
2297 1
+5 1
-5 1
+5 1
+3 2
-3 1
+3 7
-3 3
666 1
2303 1
666 2
2358 1
-14 1
+14 1
+2 3
+4 2
cfi=(43) /build/glibc-Cl5G7W/glibc-2.23/elf/dl-cache.c
cfn=(142) _dl_load_cache_lookup
calls=1 185 
* 1578
+2 1
-2 1
+2 1
+4 2
+8 3
+23 10
cfn=(108)
calls=1 1717 
* 370
+4 1
-4 1
+4 3
+1 2
-89 3
+1 8
666 1
2319 1
666 2

fn=(64) _dl_init_paths
689 1
+13 2
-13 8
+13 3
cfi=(23)
cfn=(66)
calls=1 39 
* 398
+5 1
-5 1
+5 1
cfi=(17)
cfn=(40)
calls=1 94 
* 29
* 1
+1 1
-2 1
+2 2
+8 1
-1 1
+1 3
-1 3
+4 4
cfi=(17)
cfn=(40)
calls=1 94 
* 29
* 1
+2 1
-2 1
+2 1
+17 2
+9 2
-19 1
+11 1
-1 1
+3 1
+1 1
-15 2
+23 1
-9 1
+9 5
-3 17
cfi=(26)
cfn=(72)
calls=4 53 
* 60
+3 27
-14 3
+2 3
+1 3
+2 6
-3 3
+4 9
+4 3
-3 3
+3 3
+1 3
-4 9
+4 3
+14 1
-11 1
+6 1
+1 1
+5 1
-12 1
+12 1
+2 4
+2 3
+38 5
+6 3
cfi=(27)
cfn=(74)
calls=1 24 
* 23
* 2
+2 3
cfi=(11)
cfn=(22)
calls=1 66 
* 16
* 8
cfi=(18)
cfn=(46)
calls=1 61 
* 31
* 1
+17 133
+5 1
cfi=(17)
cfn=(40)
calls=1 94 
* 29
* 1
+1 1
-2 1
+2 1
+6 9
cfn=(76)
calls=1 444 
* 609
+4 5
+6 1
+4 8
-70 1
-2 1
+2 2
+14 2

fn=(108)
1717 66
+39 6
-39 18
+39 22
+31 24
cfi=(24)
cfn=(110) open
calls=6 84 
* 46
+2 6
-2 6
+2 8
+10 2
+1 4
+5 16
cfi=(24)
cfn=(112) read
calls=2 84 
* 10
+2 4
+2 2
+2 2
-2 4
+2 2
+6 4
+16 8
cfi=(14) /build/glibc-Cl5G7W/glibc-2.23/string/../sysdeps/x86_64/multiarch/../memcmp.S
cfn=(30) bcmp
calls=2 24 
* 57
* 18
cfi=(14)
cfn=(30)
calls=2 24 
* 72
* 4
+74 4
+5 4
+2 8
+6 4
+11 4
+6 2
+1 2
-1 8
+1 2
-1 2
+1 4
+1 6
+20 106
+2 36
+4 8
+1 6
+12 14
+4 6
+5 1
+1 1
-13 4
cfi=(14)
cfn=(30)
calls=1 24 
* 25
* 8
cfi=(14)
cfn=(30)
calls=2 24 
* 60
* 6
+16 2
+3 7
+3 3
+1 5
-39 2
+67 20
-23 4
+23 28
1826 2
+7 4
cfi=(14)
cfn=(30)
calls=1 24 
* 24
* 2

fn=(138)
2040 8
+1 1
+6 1
-6 1
+6 1
+5 9
+52 1
-59 1
-1 1
+60 1
-52 8
+74 4
-62 1
-9 1
+9 1
+7 4
cfi=(25)
cfn=(70)
calls=1 61 
* 31
+1 1
-1 1
+1 5
+20 8
-20 15
+3 8
+5 8
-1 4
+1 8
-1 12
cfi=(25)
cfn=(70)
calls=4 61 
* 85
* 16
cfi=(25)
cfn=(70)
calls=4 61 
* 92
-1 4
+7 4
-7 4
+7 4
+3 36
cfn=(108)
calls=4 1717 
* 176
* 4
+2 20
+67 7
+7 1
-2 1
+2 3
+3 3
+14 1
-27 1
+27 7
-84 8
+1 36
+6 4
+2 4
-2 4
+2 8
-2 4
+2 4
cfi=(42) /build/glibc-Cl5G7W/glibc-2.23/io/../sysdeps/unix/sysv/linux/wordsize-64/xstat.c
cfn=(140) _xstat
calls=4 34 
* 49
* 8
+1 1
+2 1
-2 1
+2 7
+7 3
-7 3
+7 9
-30 3
+23 6

fl=(45) /build/glibc-Cl5G7W/glibc-2.23/elf/dl-reloc.c
fn=(166) _dl_relocate_object
149 40
+15 4
-15 8
+15 4
+1 24
+6 8
+6 12
-18 8
+22 8
+7 4
-32 4
+32 4
+44 4
fi=(5)
76 12
fe=(45)
232 8
fi=(5)
76 12
+6 6
+4 9
+14 3
-8 3
+10 3
-2 6
+20 6
+9 3
fe=(45)
258 164
-98 18
fi=(5)
301 24
fe=(45)
-43 3
fi=(4) /build/glibc-Cl5G7W/glibc-2.23/elf/do-rel.h
58 3
-10 3
-1 6
+11 3
-11 3
+11 3
fe=(45)
258 1
-98 6
fi=(5)
301 8
fe=(45)
-43 1
fi=(4)
58 1
-10 1
-1 2
+11 1
-11 1
+11 1
fe=(45)
258 4
fi=(4)
58 4
-10 4
-1 8
+11 4
-11 4
+11 4
+3 15
fi=(5)
528 28
+4 28
+2 42
+1 14
fi=(4)
61 63
+2 88
+2 26
-4 3
+13 6
+1 5
+1 16
fi=(5)
528 8
+26 8
fi=(4)
75 8
fi=(5)
554 16
cob=(3)
cfi=(53)
cfn=(198)
calls=1 0 
* 11
cob=(3)
cfi=(52)
cfn=(194)
calls=1 37 
* 66
cob=(3)
cfi=(51)
cfn=(192)
calls=1 30 
* 6
cob=(3)
cfi=(50)
cfn=(190)
calls=1 45 
* 6
cob=(3)
cfi=(46)
cfn=(188)
calls=1 129 
* 5
cob=(3)
cfi=(50)
cfn=(186)
calls=1 45 
* 6
cob=(3)
cfi=(47)
cfn=(180)
calls=1 38 
* 66
cob=(3)
cfi=(46)
cfn=(178)
calls=1 109 
* 5
fi=(4)
75 8
fi=(5)
555 8
fi=(4)
75 11
fe=(45)
258 2
fi=(4)
75 14
fe=(45)
258 14
+3 16
+24 4
+3 8
+17 12
+2 32
fi=(4)
84 5
-1 5
+3 10
-3 5
+3 5
+12 15
+10 6
+3 8
fi=(5)
512 2
fi=(4)
112 4
fi=(5)
512 1194
fi=(4)
112 2380
fi=(5)
512 2380
+5 2384
+1 2384
fi=(4)
111 2384
fi=(5)
518 1192
fi=(4)
111 1192
+7 15
+6 4
-3 8
+3 10
fi=(5)
447 9
fi=(4)
127 368
+9 184
+3 92
-3 92
+3 92
fi=(5)
269 92
fi=(4)
138 92
-2 92
+1 368
fi=(5)
269 92
+21 184
+4 184
+7 1755
fi=(4)
137 75
fi=(5)
301 150
fi=(4)
137 75
fi=(5)
301 75
fi=(4)
137 75
fi=(5)
301 1200
cfi=(6)
cfn=(172)
calls=75 806 
* 41832
* 600
+2 234
+3 90
-3 180
+3 270
+6 552
fe=(45)
178 8
fi=(5)
435 234
fi=(4)
124 282
+19 6
fi=(5)
301 54
fi=(4)
108 3
fi=(5)
407 42
+4 70
+14 70
fe=(45)
313 20
+3 4
-3 8
+3 4
+4 8
+1 16
cfi=(39)
cfn=(126)
calls=4 84 
* 20
* 12
fi=(5)
123 15
+6 12
fe=(45)
258 3
fi=(4)
129 8
fi=(5)
301 87
fi=(4)
160 7
+2 20
+8 10
+1 5
-1 5
+1 5
fi=(5)
+98 5
fi=(4)
-99 15
fi=(5)
+99 5
+21 10
+4 10
+7 180
cfi=(6)
cfn=(172)
calls=5 806 
* 2409
* 35
+2 15
+3 1
-3 2
+3 3
+6 30
435 15
fi=(4)
160 17
+14 2
fi=(5)
301 6
fe=(45)

fl=(15)
fn=(32)
61 42
+1 3
cfi=(11)
cfn=(22)
calls=3 +4 
* 66
+6 3
-6 6
+6 6
+7 12
cfi=(17)
cfn=(36) calloc
calls=3 +28 
* 171
* 3
+3 3
-3 3
+3 3
+4 3
+5 6
-6 3
+6 3
-5 3
+3 6
+2 3
cfi=(18)
cfn=(46)
calls=3 -26 
* 88
+10 3
-10 3
+10 3
-8 3
+9 6
-1 9
+1 9
+3 3
-4 3
+1 3
+3 3
+9 3
-7 3
+4 3
+3 9
+2 2
-2 2
+2 30
-2 30
+12 3
+6 3
-5 3
-1 3
+6 15
+2 2
+3 2
-3 2
+3 2
-3 4
+7 6
+4 4
+2 5
+6 1
+6 1
-3 2
+3 4
-3 4
+3 4
+2 6
cfi=(11)
cfn=(22)
calls=2 -91 
* 68
+4 2
-4 8
+4 6
+64 4
+4 24
68 30
+34 8
+39 8
+70 6
cfi=(25)
cfn=(70)
calls=2 61 
* 71
* 42
+6 40
-1 40
+1 42
-1 2
+1 6
+5 4
-89 2
+32 4
cfi=(17)
cfn=(40)
calls=2 -71 
* 58
* 2
+1 2
-1 2
+1 6
+2 1
-35 2

fn=(48)
32 15
+2 6
cfi=(2)
cfn=(50)
calls=3 704 
* 6
+2 3
-2 3
+2 19
+3 15
+2 2
+2 2
+4 2
+4 2
-4 4
+1 2
+4 4
-4 2
+1 2
+3 2
-3 2
+2 2
cfi=(2)
cfn=(52)
calls=2 710 
* 4
-4 1
+4 1
-4 2
+1 1
+4 2
-4 1
+1 1
+3 1
-3 1
+2 1
cfi=(2)
cfn=(52)
calls=1 710 
* 2
-5 2

fl=(37)
fn=(122)
33 8
-1 80
+1 20
+1 80
+2 56
-3 18

fl=(17)
fn=(36)
103 8
+8 24
-4 8
+4 16
+3 8
cfn=(40)
calls=8 -20 
* 289
* 8

fn=(84)
120 1
+2 3
+7 2

fn=(40)
94 21
+1 42
cfn=(44) __libc_memalign
calls=21 -43 
* 582
* 21

fn=(78)
354 4
+2 2
+1 4
+4 33
+7 84
-2 56
+13 1
+4 2
-7 14
-15 44

fn=(44)
52 66
+1 87
+11 63
+3 21
-3 21
+3 42
-3 3
+3 1
-3 1
+3 82
+4 8
+1 4
+6 16
cfi=(37)
cfn=(122)
calls=2 -45 
* 66
+2 10
+4 6
+3 2
+1 2
+2 10
-3 20
+1 20
+2 100
-31 2
-1 5

fl=(6)
fn=(174) do_lookup_x
355 609
+1 87
-1 435
+48 87
-30 87
-11 87
+41 87
+7 174
-7 174
-30 348
+37 348
-44 174
+3 174
-3 372
+3 372
+4 546
+4 546
+4 546
+6 819
+8 273
-4 273
+1 273
+3 546
+1 819
+3 273
+1 546
+2 546
+8 273
-8 273
+8 2730
-99 192
553 1380
+1 54
cfi=(34)
cfn=(106)
calls=27 288 
* 2553
* 81
+3 576
+3 6
+1 696
-92 162
+50 604
+4 33
+12 162
+1 81
+1 162
413 510
+2 170
+2 1105
+13 255
-10 830
+2 162
+1 405
-1 81
+1 567
-1 81
+1 243
cfn=(176) check_match
calls=81 92 
* 7071
+4 243
+34 8
+94 28
439 729

fn=(176)
92 648
+3 567
+12 486
+3 392
cfi=(19)
cfn=(54)
calls=17 +34 
* 719
* 34
+5 81
-1 81
+1 81
+2 160
+19 160
+1 640
+46 81
-7 81
+7 405
-18 2
+2 1
+1 4
-1 5
-29 240
cfi=(19)
cfn=(54)
calls=80 +6 
* 1963
* 240

fn=(10)
956 12
+4 4
+4 8
+2 4
-1 4
+3 12
+1 4
+1 4
+3 4
-3 4
+7 4
-4 4
-1 4
+3 4
+2 4
-7 4
+7 4
+1 4

fn=(172)
806 957
568 87
806 348
568 435
+1 87
-1 87
+1 261
-1 261
+1 1104
-1 1104
+1 3312
-1 3486
808 87
+4 87
+4 87
-8 87
+1 174
+7 247
+7 87
-2 87
+2 87
-2 87
+6 87
-7 87
+7 174
-7 522
+15 6
-8 30
+2 1218
cfn=(174)
calls=87 355 
* 32127
+3 261
+26 174
+22 81
+1 567
+31 81
+9 405
+14 243
+3 324
+5 81
+2 696
-85 42
+16 6
+1 12
+59 2

fl=(32) /build/glibc-Cl5G7W/glibc-2.23/elf/dl-error.c
fn=(96) _dl_catch_error
163 6
+15 3
-3 6
+1 6
-13 6
+14 6
+1 3
+2 3
cfi=(2)
cfn=(98) _dl_initial_error_catch_tsd
calls=3 664 
* 6
+2 3
-1 3
+4 3
-3 6
+3 3
-4 3
+4 3
cfi=(33) /build/glibc-Cl5G7W/glibc-2.23/setjmp/../sysdeps/x86_64/setjmp.S
cfn=(100) __sigsetjmp
calls=3 26 
* 60
* 9
+2 9
cfi=(41) /build/glibc-Cl5G7W/glibc-2.23/elf/dl-deps.c
cfn=(136) openaux
calls=2 60 
* 5609
cfi=(2)
cfn=(102) map_doit
calls=1 496 
* 2372
+1 6
+2 3
+1 3
-3 3
+1 6
+1 3
+9 3
-8 3
+8 9

fn=(150) _dl_receive_error
205 10
+1 1
cfi=(2)
cfn=(98)
calls=1 664 
* 2
+5 1
-1 1
-4 1
+9 1
+2 1
-3 1
+3 1
cfi=(2)
cfn=(152) version_check_doit
calls=1 529 
* 2871
+2 1
+1 1
+1 8

fl=(24)
fn=(68)
84 12
+2 15

fn=(112)
84 8
+1 2

fn=(110)
84 28
+1 3
+1 20

fn=(132)
84 12
+1 3

fl=(18)
fn=(46)
61 14
+2 14
+2 14
+3 12
+1 12
+2 4
+1 4
+2 4
+1 4
+5 4
+1 4
-1 8
+1 8
+2 5
+1 5
+2 5
+1 10
+5 5
+1 5
-1 7
+1 7
+2 4
+1 4
+2 4
+1 4
+5 4
+1 4
-1 8
+1 8
+2 7
+1 7
+2 7
+1 7
+5 7
+1 7
-1 5
+1 10
+5 5
+1 5
+1 5
+1 5
+2 5
+2 5
+1 5
+2 5
+8 12
+8 6
+6 6
+2 6
+1 6
+3 2
+1 6
+5 2
+1 2
+2 2
+2 2
+1 2
+2 6
+9 2
+1 2
-1 4
+1 4
+3 6
+1 6
+1 6
+5 5
+2 5
+1 5
+1 5
+1 5
+2 5
+1 5
+1 5
+1 5
+2 5
+1 5
+2 5
+22 6
+6 6
+1 6
+2 2

fl=(14)
fn=(30)
24 13
+1 13
+1 13
+1 13
+1 13
+1 13
+1 13
+1 13
+3 13
+1 13
+1 5
+1 5
+1 5
+1 5
+1 5
+1 5
+1 5
+2 12
+1 12
+1 4
+1 4
+1 4
+1 4
+1 4
+1 4
+1 4
+2 12
+1 12
+1 5
+1 5
+1 5
+1 5
+1 2
+1 2
+1 2
+2 9
+1 9
+1 5
+1 5
+1 5
+1 5
+5 4
+1 4
+1 4
+1 4
+1 4
+1 4
+1 4
+1 2
+1 2
+1 2
+1 2
+1 2
+7 2
+2 3
+4 8
+1 8
+1 1
+1 1
+1 1
+1 1
+1 1
+1 1
+1 1
+1 1
+1 1
+1 1
+1 1
+4 9
+1 9

fl=(1) ???
fn=(0) 0x0000000000000c30
0 2
cfi=(2)
cfn=(2) _dl_start
calls=1 353 
0 88577
0 14
cfi=(54) /build/glibc-Cl5G7W/glibc-2.23/elf/dl-init.c
cfn=(212) _dl_init
calls=1 80 
0 1610
0 3
cob=(5)
cfi=(65)
cfn=(252) _start
calls=1 0 
0 144645

fl=(30)
fn=(164) _dl_allocate_tls_storage
354 3
+2 1
+11 3
cfi=(17)
cfn=(44)
calls=1 52 
* 76
* 1
+1 2
+7 2
+4 1
-57 1
+57 296
-58 2
+1 2
cfi=(17)
cfn=(36)
calls=1 103 
* 38
* 1
+1 2
+3 1
+6 2
+64 5

fn=(162) _dl_determine_tlsoffset
138 7
+6 3
+3 2
+36 3
+2 10
+3 1
-1 1
+5 2
-5 3
+3 3
+2 5
+16 3
+2 2
-2 2
+2 2
+10 1
-37 2
+25 1
-25 4
+40 4
+1 1
+51 1
+1 8

fn=(200) _dl_add_to_slotinfo
890 3
+9 1
-9 1
+6 2
+8 5
+41 1
+1 3
+1 4

fn=(202) _dl_allocate_tls_init
450 2
-1 7
+5 1
+6 3
-6 1
+6 1
-4 1
+16 1
-15 3
+20 6
+6 16
+3 1
+1 2
+6 3
+3 1
-2 2
+2 4
+1 1
+3 1
-1 3
+4 2
+1 4
+2 2
+9 6
cfi=(25)
cfn=(70)
calls=1 61 
* 23
* 4
cfi=(26)
cfn=(72)
calls=1 53 
* 30
* 2
-38 3
+52 2
+2 1
+1 8

fn=(88) _dl_count_modids
115 2
+1 2

fn=(148)
49 1
+3 4
+48 1
+4 2

fl=(7) /build/glibc-Cl5G7W/glibc-2.23/elf/../elf/dl-sysdep.c
fn=(12) _dl_sysdep_start
86 8
+25 1
-1 1
+1 213
+6 1
-3 1
+1 1
-4 1
+3 1
+3 4
+1 2
-1 25
+1 108
-1 106
+62 1
+1 1
-1 1
+1 1
-29 1
+1 2
+11 1
+1 1
-1 1
+1 1
-7 1
+1 1
-1 1
+1 1
-4 1
+1 2
-25 1
+1 2
-4 1
+1 2
-7 1
+1 1
+2 1
+1 1
fi=(9) /build/glibc-Cl5G7W/glibc-2.23/elf/../sysdeps/unix/sysv/linux/dl-sysdep.c
-90 2
cfi=(10) /build/glibc-Cl5G7W/glibc-2.23/elf/../sysdeps/unix/sysv/linux/x86_64/brk.c
cfn=(18) brk
calls=1 -4 
* 11
fi=(5)
223 5
fi=(8) /build/glibc-Cl5G7W/glibc-2.23/elf/../sysdeps/x86/cpu-features.c
61 2
+3 1
-3 1
+3 9
175 3
+1 1
+3 2
+1 1
+2 2
+1 7
+7 3
+4 2
+2 4
+51 2
fe=(7)
-16 1
fi=(8)
+27 1
+1 1
+1 1
fe=(7)
-29 1
+1 1
cfi=(11)
cfn=(22)
calls=1 66 
* 32
* 1
+2 2
cfi=(12) /build/glibc-Cl5G7W/glibc-2.23/elf/../misc/sbrk.c
cfn=(24) sbrk
calls=1 34 
* 17
* 3
+12 3
+3 5
cfi=(2)
cfn=(26) dl_main
calls=1 790 
* 87229
+1 1
+1 8
fi=(8)
-4 2
+1 2
+4 2
-52 2
+1 1
+6 3
+2 1
+3 3
+16 2
+1 1
+2 2
29 2
+4 1
-4 1
+5 1
-1 1
+2 1
-1 1
+1 1
-2 1
+1 1
+1 1
+1 1
-7 2
+3 1
+4 1
+5 1
+32 2
-32 1
+27 1
+5 1
+3 1
+1 8
+57 2
-66 2
+44 2
248 2
+3 2
fe=(7)

fn=(204) _dl_sysdep_start_cleanup
256 1

fl=(19)
fn=(54)
144 191
+1 191
+2 191
+1 191
+21 191
+1 191
+1 147
+1 147
+1 142
+1 142
+1 142
+1 142
+21 142
+1 142
+1 142
+1 142
+1 142
+1 142
+1 142
+5 5
+1 5
+9 5
+1 5
+1 5
+1 5
+1 5
+1 5
+1 5
+1 5
-7 49
+1 49
+1 49
+1 49
+1 49
+1 49
+1 49
+1 49
+1 52
+1 43
+1 43
+1 43
+2 43
+1 43
+1 43
+1 43
+1 43
+1 43
-5 9
+1 9
+1 9
+1 9
+1 9
+1 9
+10 2
+1 2
+1 2
+2 2
+6 2
+1 2
+1 2
+1 2
+1 2
+5 2
821 3
+1 3
+1 3
+1 3
+1 3
+2 3
+1 3
+1 3
+1 3
+1 3
+1 3
+1 3
+1 2
+4 2
+1 2
+1 2
+6 2
+1 2
+1 4
+4 2
+1 2
+3 2
+1 2
+1 2
+3 2
+1 2
+1 2
+6 2
+1 2
+1 2
+1 2
+1 2
+1 2
1196 4
+1 4
+1 4
+1 4
+1 4
+2 4
+1 4
+1 4
+1 4
+1 4
+1 4
+1 4
1321 18
+1 18
+1 18
+1 18
+1 18
+2 18
+1 18
+1 18
+1 18
+1 18
+1 18
+1 18
1571 2
+1 2
+1 2
+1 2
+1 2
+2 2
+1 2
+1 2
+1 2
+1 2
+1 2
+1 2
+1 1
+4 1
+1 1
+1 1
+6 1
+1 1
+1 2
+4 1
+1 1
+3 1
+1 1
+1 1
+3 1
+1 1
+1 1
+6 1
+1 1
+1 1
+1 1
+1 1
+1 1
+72 1
+1 1
+1 1
+1 1
+1 1
+2 1
+1 1
+1 1
+1 1
+1 1
+1 1
+1 1
1821 3
+1 3
+1 3
+1 3
+1 3
+2 3
+1 3
+1 3
+1 3
+1 3
+1 3
+1 3
+1 3
+4 3
+1 3
+1 3
+6 3
+1 3
+1 6
+4 3
+1 3
+3 3
+1 3
+1 3
+3 3
+1 3
+1 3
+6 3
+1 3
+1 3
+1 3
+1 3
+1 3
+72 3
+1 3
+1 3
+1 3
+1 3
+2 3
+1 3
+1 3
+1 3
+1 3
+1 3
+1 3
+1 2
+4 2
+1 2
+1 2
+6 2
+1 2
+1 4
+4 2
+1 2
+3 2
+1 2
+1 2
+3 2
+1 2
+1 2
+6 2
+1 2
+1 2
+1 2
+1 2
+1 2
+72 18
+1 18
+1 18
+1 18
+1 18
+2 18
+1 18
+1 18
+1 18
+1 18
+1 18
+1 18
2200 8
+2 8
+1 8
+1 8
+1 8
-3 46
+1 46
+1 46
+1 46
+1 129
+5 43
+6 43
+1 43
+8 43
+1 43
-16 148
+6 148
+1 148
+8 148
+1 148

fl=(29)
fn=(90) _dl_debug_state
74 2

fn=(86)
50 8
+5 6
+5 2
-1 1
+1 2
+1 2
-1 1
+4 1
-13 4
+4 8
+4 1
-1 1
-58 4

fl=(43)
fn=(206) _dl_unload_cache
322 4
-1 1
+3 2
cfi=(39)
cfn=(208)
calls=1 84 
* 5
+1 1
+2 2

fn=(142)
185 9
+8 2
+3 3
+51 2
+9 1
+6 2
-6 4
+6 1
cfi=(24)
cfn=(68)
calls=1 84 
* 9
+19 1
-19 1
+19 144
cfn=(146) _dl_cache_libcmp
calls=9 138 
* 642
* 42
-15 4
+15 23
cfn=(146)
calls=1 138 
* 71
* 5
cfn=(146)
calls=1 138 
* 144
* 9
-82 4
cfi=(34)
cfn=(144) _dl_sysdep_read_whole_file
calls=1 45 
* 94
+8 1
-8 1
+8 4
+1 4
cfi=(14)
cfn=(30)
calls=1 24 
* 38
* 2
+7 1
-3 1
+3 3
+3 1
+1 2
-1 1
+1 1
+1 4
cfi=(14)
cfn=(30)
calls=1 24 
* 32
* 2
+61 21
+16 2
+4 2
+8 3
cfi=(11)
cfn=(22)
calls=1 66 
* 34
* 2
+1 1
-1 4
+1 2
cfi=(18)
cfn=(46)
calls=1 61 
* 64
+1 2
cfi=(28)
cfn=(80)
calls=1 40 
* 109
+1 8
-31 9

fn=(146)
138 33
+1 26
+2 116
+2 58
-2 58
+2 4
+6 2
+2 2
-1 2
-1 2
+1 2
+1 8
+2 10
+2 4
+6 112
+2 206
+4 47
+1 47
-29 94
+32 6
-7 18

fl=(41)
fn=(136)
60 4
+7 2
-4 22
cfi=(22)
cfn=(104)
calls=2 2189 
* 5575
* 2
+5 4

fn=(134) _dl_map_object_deps
161 1
-1 1
+1 1
-1 4
+1 1
-1 2
+1 1
-1 2
+1 1
-1 2
+1 3
-15 1
+15 1
-17 1
+1 1
+1 1
+6 4
+26 1
-26 1
+26 7
-34 1
+2 1
+33 2
-33 1
-2 1
+2 2
-2 1
+1 1
+1 1
+6 3
+26 1
-26 1
+26 5
+4 1
+21 1
+1 1
-22 2
+19 1
-12 1
+15 1
-16 2
+13 1
317 9
217 1
-4 1
-4 1
+8 4
-4 3
-4 3
+8 3
+12 8
+2 2
+11 2
-5 2
-6 4
+5 2
+2 4
+1 4
+3 14
+50 6
+1 3
-51 192
+1 96
+6 10
cfi=(27)
cfn=(74)
calls=2 24 
* 70
* 4
+5 10
-3 2
+3 2
cfi=(32)
cfn=(96)
calls=2 -91 
* 5733
+2 6
+15 2
+2 4
+5 2
+6 2
+2 2
-8 4
+3 2
+1 2
+1 2
+1 2
+4 12
+7 138
459 12
+2 6
+2 6
cfi=(17)
cfn=(40)
calls=2 94 
* 58
* 2
+2 2
-2 2
+2 2
+4 8
-1 2
+1 2
cfi=(18)
cfn=(46)
calls=2 61 
* 41
+1 10
cfi=(18)
cfn=(46)
calls=2 61 
* 41
+4 2
-1 2
+5 22
+7 6
+1 1
+3 5
+10 4
cfi=(17)
cfn=(40)
calls=1 94 
* 29
* 1
+3 1
-3 1
+3 1
+5 6
+1 1
-1 3
+1 2
+8 2
+4 3
-4 1
-6 3
-2 3
+8 6
+4 9
-4 3
-6 9
+13 3
+51 3
+2 3
+42 1
-4 1
+5 2
-1 4
+1 2
cfi=(26)
cfn=(72)
calls=1 53 
* 15
* 1
-2 9
+7 1
-1 1
+1 1
-1 2
+7 1
-7 1
+7 2
-13 2
+7 2
-1 2
+1 2
-1 4
+7 2
-7 2
+7 6
+2 8
+1 4
-1 4
+1 3
+2 9
+1 6
+28 18
cfi=(26)
cfn=(72)
calls=2 53 
* 37
* 10
-6 3
-28 6
+31 10
-6 2
+16 2
+2 1
+1 1
-1 1
+2 3
+7 3
+3 3
+3 8
481 9
-1 4
+1 9
202 2
+27 8
-19 4
+8 25
+2 2
+2 8
+2 30
338 6
611 8
cfi=(18)
cfn=(46)
calls=1 61 
* 28
+2 1
-38 1
+38 1
209 2

fl=(54)
fn=(212)
80 11
+1 1
+1 1
+3 3
+8 2
+1 2
+25 15
+1 12
-90 20
cfn=(214) call_init.part.0
calls=3 -2 
* 1450
* 3
+96 8
-96 2
+58 2
+16 1
cfn=(214)
calls=1 -76 
* 76
* 1

fn=(214)
28 20
+8 4
+3 4
-3 8
+3 12
+5 21
+5 4
+9 12
cob=(3)
cfi=(56)
cfn=(228)
calls=1 -6 
* 176
cob=(2)
cfi=(16)
cfn=(216)
calls=1 -58 
* 6
* 2
+4 4
+6 2
+2 4
-2 4
+3 10
+1 8
cob=(3)
cfi=(62)
cfn=(240)
calls=1 482 
* 1161
cob=(4)
cfi=(55)
cfn=(220)
calls=1 -72 
* 17
* 4
cob=(3)
cfi=(64)
cfn=(248)
calls=1 -39 
* 4
* 3
-1 6
+3 24
-29 3
-5 3

fl=(78) /build/glibc-Cl5G7W/glibc-2.23/elf/dl-open.c
fn=(322) _dl_find_dso_for_object
182 5
+1 4
+1 12
+1 2
+3 2
+4 1
-9 6

fl=(21) /build/glibc-Cl5G7W/glibc-2.23/posix/../sysdeps/unix/syscall-template.S
fn=(62) uname
84 4
+1 1

fl=(9)
fn=(60) _dl_discover_osversion
45 7
+2 3
+85 8
-45 3
cfi=(21)
cfn=(62)
calls=1 -3 
* 5
* 1
+15 1
-15 1
+20 1
-1 1
+3 12
+4 3
-2 6
+2 10
+2 1
+1 2
-3 4
+7 3
-1 3
+4 3
-2 3
+2 10
+5 2

fl=(12)
fn=(24)
34 4
+8 6
+4 2
+16 5

fl=(13) /build/glibc-Cl5G7W/glibc-2.23/elf/dl-environ.c
fn=(28) _dl_next_ld_env_entry
30 3
+3 10
+13 66
-13 198
+2 136
+1 22
+5 2
-3 2
+3 2
+2 2
-12 1
+19 1

fl=(27)
fn=(74)
24 7
+1 7
+1 7
+1 7
+1 7
+1 7
+1 7
+1 7
+1 7
+1 7
+1 7
+1 7
+1 7
+1 7
+1 7
+1 7
+1 7
+1 5
+4 5
+1 5
+1 5
+1 5
+2 5
+4 2
+1 2
+1 2
+1 2
+1 2
+1 2
+1 2
+1 2
+1 2
+1 2
+1 2
+1 2
+1 2
+1 2
+1 2
+1 2
+1 2
+1 2
+1 2
+1 2
+1 2
+1 2
+1 2
+1 2
+52 2
+4 2
+1 2
+1 2
+1 2
+2 2

fl=(34)
fn=(144)
45 2
+7 1
-7 3
+7 1
-7 3
+7 1
cfi=(24)
cfn=(110)
calls=1 +32 
* 5
+1 2
+2 5
cfi=(36)
cfn=(120)
calls=1 -21 
* 10
* 2
+2 1
+3 1
-3 1
+3 1
+13 2
cfi=(24)
cfn=(132)
calls=1 +11 
* 5
+3 7
-14 6
cfi=(37)
cfn=(122)
calls=1 -29 
* 33
* 2

fn=(106)
288 205
+1 82
cfi=(19)
cfn=(54)
calls=41 144 
* 1452
* 41
+1 41
-1 41
+3 41
+2 82
+4 42
-4 84
+1 135
cfi=(19)
cfn=(54)
calls=45 144 
* 1672
* 90
-5 3
+11 53
-1 38
+1 152

fl=(66)
fn=(260) _dl_runtime_resolve_avx
64 1
+3 1
+2 1
+2 1
+3 1
+1 1
+1 1
+1 1
+1 1
+1 1
+1 1
+1 1
+1 1
+1 1
+1 1
+1 1
+1 1
+1 1
+1 1
+5 1
+1 1
+1 1
+1 1
+14 1
+1 1
+1 1
cfi=(67)
cfn=(262)
calls=1 -46 
* 901
+1 1
+5 1
+1 1
+1 1
+1 1
+13 1
+1 1
+1 1
+1 1
+1 1
+1 1
+1 1
+1 1
+1 1
+1 1
+1 1
+1 1
+1 1
+1 1
+1 1
+2 1
+2 1
+4 1
+3 1
cob=(3)
cfi=(68)
cfn=(266)
calls=1 -25 
* 143678

fn=(261)
64 6
+3 6
+2 6
+2 6
+3 6
+1 6
+1 6
+1 6
+1 6
+1 6
+1 6
+1 6
+1 6
+1 6
+1 6
+1 6
+1 6
+1 6
+1 6
+5 6
+1 6
+1 6
+1 6
+14 6
+1 6
+1 6
cfi=(67)
cfn=(262)
calls=6 -46 
* 5255
+1 6
+5 6
+1 6
+1 6
+1 6
+13 6
+1 6
+1 6
+1 6
+1 6
+1 6
+1 6
+1 6
+1 6
+1 6
+1 6
+1 6
+1 6
+1 6
+1 6
+2 6
+2 6
+4 6
+3 6
cob=(3)
cfi=(74)
cfn=(306)
calls=1 2902 
* 195
cob=(3)
cfi=(98)
cfn=(430)
calls=1 28 
* 714
cob=(3)
cfi=(95)
cfn=(404)
calls=1 33 
* 1275
cob=(3)
cfi=(86)
cfn=(360)
calls=1 26 
* 689
cfi=(78)
cfn=(322)
calls=1 +23 
* 32
cob=(3)
cfi=(73)
cfn=(300)
calls=1 -62 
* 59545

fl=(2)
fn=(160) init_tls
589 1
+6 1
-6 1
+2 2
+4 1
+10 4
cfi=(17)
cfn=(36)
calls=1 103 
* 38
* 1
+11 1
-5 1
-7 1
+6 1
+2 1
-1 1
+5 1
+2 1
-1 1
+1 10
+2 8
+4 1
+2 1
-2 2
-5 8
+9 3
+3 1
cfi=(30)
cfn=(162)
calls=1 138 
* 71
+7 1
cfi=(30)
cfn=(164)
calls=1 354 
* 439
+1 1
-1 1
+1 1
+6 1
+3 1
-3 1
+3 6
+3 1
+2 1
+1 2

fn=(52)
710 10

fn=(92) handle_ld_preload
757 7
+1 1
-1 1
-75 1
+86 1
-11 1
-75 6
+80 3
fi=(31) /build/glibc-Cl5G7W/glibc-2.23/elf/../string/bits/string2.h
961 1
+1 145
+1 46
-2 46
+2 46
-2 139
+2 1
-2 3
fe=(2)
766 2
+10 4
108 3
779 2
677 1
+5 5
-10 1
+4 1
+1 1
+1 1
+2 1
+2 1
cfi=(32)
cfn=(96)
calls=1 163 
* 2434
+1 3
+13 3
+84 1
-18 3
+21 9
-15 4
cfi=(18)
cfn=(46)
calls=1 61 
* 63
* 1
+1 2

fn=(98)
664 8

fn=(152)
529 2
+2 4
cfi=(44) /build/glibc-Cl5G7W/glibc-2.23/elf/dl-version.c
cfn=(154) _dl_check_all_versions
calls=1 380 
* 2861
* 2
+4 2

fn=(26)
790 1
+19 1
-19 7
2390 1
790 3
+19 1
+3 1
-22 1
2385 1
812 1
+4 2
+1 2
+5 2
2383 2
+7 4
-4 1
+4 8
+2 2
cfi=(13)
cfn=(28)
calls=1 30 
* 72
* 4
cfi=(13)
cfn=(28)
calls=2 30 
* 373
* 9
+4 50
+1 19
-1 57
+3 4
+6 14
2553 3
+30 3
832 3
1033 7
cfi=(15)
cfn=(32)
calls=1 61 
* 250
+2 1
-2 1
+2 1
+1 1
+1 1
+5 2
-5 1
+1 2
+4 1
cfi=(15)
cfn=(48)
calls=1 32 
* 33
+1 3
799 1
1072 1
-3 1
-5 1
+1 1
+2 1
+5 7
+56 5
-55 24
-1 27
+1 47
1175 5
+3 2
+2 2
+2 3
+13 3
+1 6
cfi=(19)
cfn=(54)
calls=1 144 
* 44
* 2
+7 1
+3 1
-5 1
+3 1
+2 1
+1 2
+4 2
+2 2
fi=(3)
30 1
+9 2
+6 1
-2 1
+2 2
+15 1
+5 1
+3 1
+2 1
-3 1
-3 1
-3 14
+10 3
-26 9
+16 19
+10 19
-26 57
+26 1
-26 3
+2 46
+13 16
+2 4
+16 3
+38 3
+5 2
+7 2
+1 3
+16 3
+14 3
+18 2
fe=(2)
1218 2
cfi=(6)
cfn=(10)
calls=1 956 
* 23
+3 2
fi=(20) /build/glibc-Cl5G7W/glibc-2.23/elf/setup-vdso.h
24 2
fe=(2)
1243 1
cfi=(9)
cfn=(60)
calls=1 45 
* 93
* 8
-75 2
+1 2
+1 1
-6 2
+1 1
-88 3
+1 1
+50 2
-1 8
+2 4
+1 1
+3 2
+1 2
-1 2
+1 2
+1 2
+1 6
+1 2
-43 1
-2 2
+27 1
-25 2
+7 1
-10 1
+10 1
-19 3
+1 1
fi=(3)
65 4
+3 4
+2 4
fe=(2)
2480 1
+1 1
-1 2
+1 3
cfi=(14)
cfn=(30)
calls=1 24 
* 31
* 2
-55 4
cfi=(14)
cfn=(30)
calls=1 24 
* 18
* 2
+7 4
cfi=(14)
cfn=(30)
calls=1 24 
* 36
* 2
+2 3
+48 3
1248 2
cfi=(22)
cfn=(64)
calls=1 689 
* 1578
+3 3
cfi=(29)
cfn=(86)
calls=1 50 
* 17
+7 1
-7 1
+2 1
+5 1
+3 3
+1 1
+3 1
-3 3
+1 2
+3 1
+5 1
-7 1
+7 1
+1 5
+17 2
+1 2
+5 1
-3 4
+2 2
+1 3
+5 3
+1 5
+2 2
+1 2
+5 2
+5 1
805 1
1314 2
1491 1
cfi=(30)
cfn=(88)
calls=1 115 
* 4
* 1
+8 3
+3 1
+4 3
+5 1
+1 1
cfi=(29)
cfn=(90)
calls=1 74 
* 1
+1 1
+4 3
+15 3
+4 1
-2 1
+2 2
+2 3
+1 1
-1 2
+1 1
cfn=(92)
calls=1 757 
* 2994
* 1
+1 1
+2 6
+10 3
cfi=(24)
cfn=(68)
calls=1 84 
* 9
* 2
+77 1
-96 1
+96 3
+17 3
+1 1
-1 1
+1 2
-1 1
+1 5
cfi=(41)
cfn=(134)
calls=1 161 
* 7129
+1 1
+2 2
+3 1
-3 3
+3 1
-3 1
+3 3
+1 4
-1 2
+1 12
-1 6
+4 3
+1 3
+1 1
+2 2
+1 6
-1 5
+1 5
-1 3
-3 1
+16 1
+1 2
-1 1
+1 1
+2 1
+2 3
+2 1
-4 1
+5 1
-1 2
+14 2
+1 2
+1 3
+11 1
+2 1
-2 1
+2 2
-1 1
+1 1
-2 3
+2 1
cfi=(32)
cfn=(150)
calls=1 205 
* 2901
+10 1
+1 1
-1 1
+1 1
+1 1
cfn=(160)
calls=1 589 
* 619
* 1
+2 2
719 1
+2 3
fi=(110) /build/glibc-Cl5G7W/glibc-2.23/elf/../sysdeps/unix/sysv/linux/dl-osinfo.h
77 1
fe=(2)
730 1
+7 1
-5 1
1729 3
1959 3
2129 4
+2 1
+5 3
cfi=(30)
cfn=(202)
calls=1 450 
* 147
+3 2
+9 3
+2 2
+15 1
+2 1
-2 2
+3 1
-3 1
+3 1
-3 1
+3 3
cfi=(45)
cfn=(166)
calls=1 149 
* 3984
+1 1
+2 6
+8 1
cfi=(7)
cfn=(204)
calls=1 256 
* 1
+4 3
+20 3
cfi=(29)
cfn=(86)
calls=1 50 
* 8
+1 1
-1 1
+2 1
cfi=(29)
cfn=(90)
calls=1 74 
* 1
+1 1
+4 1
cfi=(43)
cfn=(206)
calls=1 322 
* 15
+5 8
2080 3
+7 1
+2 3
+19 1
-19 4
+2 1
+2 12
+5 8
+2 8
+6 4
+2 8
+1 24
cfi=(45)
cfn=(166)
calls=3 149 
* 65672
+4 14
-22 10
+25 1
+2 5
+6 1
-6 1
+6 1
-10 2
cfi=(30)
cfn=(200)
calls=1 890 
* 20
* 1
-12 1
+1 1
-3 2
-85 1
+11 1
-7 1
-4 1
+4 3
+4 2
+3 1
1672 2
-39 5
+1 1
-1 3
+4 3
+1 1
+1 2
+1 2
1237 3

fn=(50)
704 10

fn=(2)
353 9
+18 4
fi=(5)
59 1
fe=(2)
371 1
fi=(3)
45 1
fi=(5)
+14 2
fe=(2)
397 1
fi=(3)
45 1
fe=(2)
394 1
fi=(3)
45 1
+25 2
-3 1
-7 1
+5 1
+3 1
+2 1
-3 1
-3 1
-3 2
-13 26
+23 13
-26 39
+26 1
-26 3
+2 36
+13 20
+1 16
+10 4
-26 12
+33 2
+20 4
+1 4
+1 4
+1 4
+2 4
+5 4
+1 4
+1 4
+6 3
+5 2
+7 3
+1 3
+8 3
+2 3
+3 2
+1 2
fe=(2)
408 2
302 1
415 1
302 1
cfi=(6)
cfn=(10)
calls=1 956 
* 23
+1 2
+1 2
+1 2
+1 2
+8 1
+9 1
-9 3
+9 1
-6 1
-3 1
+9 1
cfi=(7)
cfn=(12)
calls=1 86 
* 87929
* 1
+9 1
+3 4
+4 1
-4 1
+4 1
440 9
fi=(3)
62 4
+3 4
fe=(2)
413 26
fi=(4)
84 1
+27 1
-28 1
+28 2
+1 2
fi=(5)
517 2
fi=(4)
112 18
fi=(5)
517 18
+1 20
fi=(4)
111 20
fi=(5)
518 10
fi=(4)
111 10
+5 2
+8 1
fi=(5)
312 1
fi=(4)
124 2
+12 1
+1 3
fi=(5)
266 1
fi=(4)
137 1
fi=(5)
294 1
fi=(4)
137 2
fi=(5)
294 1
fi=(4)
136 5
+1 15
fi=(5)
266 5
fi=(4)
137 5
fi=(5)
294 5
fi=(4)
137 10
fi=(5)
294 5
+9 12
+3 6
-3 12
+3 18
+6 36
fi=(3)
68 4
+2 3
fi=(5)
425 12
fi=(4)
124 19
fe=(2)

fn=(102)
496 1
+2 1
-2 1
+3 8
cfi=(22)
cfn=(104)
calls=1 2189 
* 2358
* 1
+2 2

fl=(33)
fn=(100)
26 3
+9 3
+1 6
+1 3
+4 3
+1 3
+1 3
+1 3
+1 3
+2 6
+2 3
+1 3
+1 3
+2 6
+2 3
+4 3
+1 3

fl=(105)
fn=(470)
130 8
+17 1
+3 15
+3 2
cfi=(2)
cfn=(50)
calls=1 704 
* 2
+2 1
+3 2
+2 6
+8 1
-3 1
+3 8
+7 8
+2 8
+2 4
+1 4
+5 4
-6 4
-6 4
+8 4
-8 9
+14 9
+1 2
+4 1
31 1
+2 1
192 1
33 1
+6 1
-1 1
+2 1
-2 2
+1 8
+1 1
cfi=(26)
cfn=(72)
calls=1 +13 
* 15
* 1
+77 15
+3 16
cfi=(26)
cfn=(72)
calls=2 -67 
* 37
* 6
-76 9
+1 9
+4 12
+6 6
+1 6
+2 15
+1 7
+2 9
+1 6
201 3
cfi=(2)
cfn=(52)
calls=1 710 
* 2
+5 3
81 4
208 1
+2 3
-2 3
+2 9
+3 8
+3 12
+4 4
+9 2
+3 2
-3 2
+3 4
+2 8
+1 4
cob=(4)
cfi=(55)
cfn=(484)
calls=1 0 
* 78
cob=(5)
cfi=(65)
cfn=(472) 0x00000000004006d0
calls=1 0 
* 16
-1 8
+5 4
+1 6
cob=(2)
cfi=(16)
cfn=(504)
calls=1 0 
* 3
cob=(2)
cfi=(16)
cfn=(482)
calls=1 0 
* 3
+6 24
+16 8
-56 11
+11 6
92 9
+21 3
-57 8
268 4
+2 1
-2 2
+6 2
+7 8

fl=(42)
fn=(140)
34 4
-1 4
+1 4
+1 24
+4 1
-4 12

fl=(44)
fn=(154)
380 5
+4 7
+2 28
cfn=(156) _dl_check_map_versions
calls=4 189 
* 2786
-2 4
+2 12
-1 4
-1 8
+5 7

fn=(158) match_symbol
76 55
+9 5
-8 5
-1 10
+1 5
+8 5
+6 15
+15 5
+1 10
+2 5
+5 10
+14 58
+12 72
+4 24
-30 48
+19 25
cfi=(19)
cfn=(54)
calls=5 +11 
* 167
* 10
+35 40

fn=(156)
189 12
-15 36
+17 4
+3 12
-3 4
+2 4
+1 4
+2 4
-3 4
+3 4
+3 4
+4 2
-4 2
+4 8
+17 2
56 4
220 2
56 10
+1 5
-1 10
+2 21
cfi=(34)
cfn=(106)
calls=7 288 
* 757
* 16
228 6
+5 16
+19 3
-15 82
cfn=(158)
calls=3 76 
* 392
* 8
cfn=(158)
calls=2 76 
* 182
* 5
+7 30
+3 15
+9 12
+14 4
+3 8
+10 28
-7 112
+3 84
-3 8
+3 6
+8 9
+87 8
-81 12
cfi=(17)
cfn=(36)
calls=3 103 
* 114
* 3
+1 3
-2 3
+2 3
+11 3
+2 3
-5 3
+3 3
+2 3
-2 3
+2 3
+3 8
+4 6
+18 3
-15 9
+2 9
-2 6
+2 6
+2 5
+1 5
-1 10
+1 5
-1 5
+1 5
+1 5
-2 5
+2 10
+1 15
+3 15
+8 6
+10 9
+3 8
+20 28
-14 60
-2 28
+7 56
+1 28
-1 84
+1 28
-1 28
+1 28
+1 28
+3 90
+10 27
183 2
-8 2
+95 4
-80 2

fl=(10)
fn=(18)
31 7
+8 1
-6 2
+7 1

fl=(25)
fn=(70)
61 17
+4 17
+3 16
+1 16
+2 7
+1 7
+2 7
+1 7
+5 7
+1 7
-1 9
+1 9
+2 10
+1 10
+2 10
+1 10
+5 10
+1 10
-1 6
+1 6
+2 5
+1 5
+2 5
+1 5
+5 5
+1 5
-1 11
+1 11
+2 7
+1 7
+2 7
+1 14
+5 7
+1 7
-1 9
+1 11
+5 2
+1 2
+1 2
+1 2
+2 2
+2 2
+1 2
+2 2
+6 16
+4 16
+12 2
+2 2
+1 2
+26 2
+1 2
+3 2
+1 2
+1 2
+5 2
+2 2
+1 2
+1 2
+1 2
+2 2
+1 2
+1 2
+1 2
+2 2
+1 2
+2 2
+22 2
+2 2
+2 1
+7 1

ob=(5)
fl=(65)
fn=(460) Dijkstra
0 12
cfn=(458) posV
calls=1 0 
0 26
0 6
cfn=(456) contV
calls=1 0 
0 72
0 6
cob=(3)
cfi=(74)
cfn=(306)
calls=1 2902 
0 195
0 1
0 6
cob=(3)
cfi=(74)
cfn=(306)
calls=1 2902 
0 195
0 1
0 6
cob=(3)
cfi=(74)
cfn=(306)
calls=1 2902 
0 195
0 1
0 245
cfn=(462) RelaxDijkstra
calls=1 0 
0 23449
0 3

fn=(292)
0 6
cfn=(294) CarregaGrafo
calls=1 0 
0 117893
0 4
cfn=(456)
calls=1 0 
0 72
0 5
cfn=(458)
calls=1 0 
0 26
0 5
cfn=(460)
calls=1 0 
0 24419
0 3

fn=(272)
0 15
cob=(2)
cfi=(16)
cfn=(274)
calls=1 0 
0 6
0 8
cfn=(278) 0x00000000004006f0
calls=1 0 
0 16
0 11

fn=(476) 0x0000000000400650
0 8

fn=(294)
0 10
cob=(1)
cfi=(66)
cfn=(261)
calls=1 64 
0 60376
0 5
0 152
cob=(3)
cfi=(86)
cfn=(360)
calls=5 26 
0 2973
0 5
0 114
cob=(3)
cfi=(86)
cfn=(360)
calls=1 26 
0 1264
0 1
0 2
cob=(1)
cfi=(66)
cfn=(261)
calls=1 64 
0 2120
0 5
0 5
cob=(1)
cfi=(66)
cfn=(261)
calls=1 64 
0 1595
0 5
0 52
cfn=(440) insereVertice
calls=10 0 
0 3656
0 55
cob=(3)
cfi=(95)
cfn=(404)
calls=1 33 
0 426
0 1
0 2
cob=(3)
cfi=(95)
cfn=(404)
calls=1 33 
0 350
0 1
0 217
cob=(3)
cfi=(86)
cfn=(360)
calls=13 26 
0 19893
0 13
0 78
cfn=(448) insereAresta
calls=13 0 
0 10465
0 91
cob=(3)
cfi=(86)
cfn=(360)
calls=13 26 
0 3965
0 13
0 162
cob=(3)
cfi=(86)
cfn=(360)
calls=26 26 
0 8013
cob=(1)
cfi=(66)
cfn=(261)
calls=1 64 
0 1691
0 31
0 86

fn=(448)
0 182
cfn=(450) buscaVertice
calls=13 0 
0 704
0 78
cfn=(450)
calls=13 0 
0 956
0 182
cfn=(452) posicionaVizinhos
calls=13 0 
0 4031
0 91
cfn=(452)
calls=13 0 
0 4189
0 52

fn=(442) novoVertice
0 60
cob=(3)
cfi=(74)
cfn=(306)
calls=9 2902 
0 1755
cob=(1)
cfi=(66)
cfn=(261)
calls=1 64 
0 1033
0 14
0 130

fn=(458)
0 1908

fn=(472)
0 5
cfn=(476)
calls=1 0 
0 8
0 3

fn=(454) novaAresta
0 182
cob=(3)
cfi=(74)
cfn=(306)
calls=26 2902 
0 5070
0 26
0 312

fn=(456)
0 216

fn=(462)
0 11
cfn=(456)
calls=1 0 
0 72
0 2853
cfn=(458)
calls=26 0 
0 1856
0 994
cob=(3)
cfi=(95)
cfn=(404)
calls=1 33 
0 340
0 1
0 102
cob=(3)
cfi=(98)
cfn=(430)
calls=10 28 
0 6334
0 10
0 45
cob=(3)
cfi=(95)
cfn=(404)
calls=1 33 
0 892
0 1
0 144
cob=(3)
cfi=(98)
cfn=(430)
calls=10 28 
0 9513
0 10
0 45
cob=(3)
cfi=(95)
cfn=(404)
calls=1 33 
0 222
0 1
0 3

fn=(452)
0 2278
cfn=(454)
calls=16 0 
0 3440
0 194
cfn=(454)
calls=10 0 
0 2150
0 158

fn=(252)
0 11
cob=(1)
cfi=(66)
cfn=(260)
calls=1 64 
0 144629
0 5

fn=(440)
0 594
cfn=(442)
calls=9 0 
0 1935
0 39
cfn=(442)
calls=1 0 
0 1057
0 31

fn=(450)
0 1660

fn=(278)
0 16

totals: 234851
